theta phi dOmega dtheta 
0.0541664  0 0.000190915 0.108331
0.0541664  0.10472 0.000191035 0.108331
0.0541664  0.20944 0.000191394 0.108331
0.0541664  0.314159 0.000191987 0.108331
0.0541664  0.418879 0.000192808 0.108331
0.0541664  0.523599 0.000193848 0.108331
0.0541664  0.628319 0.000195095 0.108331
0.0541664  0.733038 0.000196536 0.108331
0.0541664  0.837758 0.000198155 0.108331
0.0541664  0.942478 0.000199934 0.108331
0.0541664  1.0472 0.000201854 0.108331
0.0541664  1.15192 0.000203892 0.108331
0.0541664  1.25664 0.000206028 0.108331
0.0541664  1.36136 0.000208236 0.108331
0.0541664  1.46608 0.000210494 0.108331
0.0541664  1.5708 0.000212777 0.108331
0.0541664  1.67552 0.000215058 0.108331
0.0541664  1.78024 0.000217314 0.108331
0.0541664  1.88496 0.00021952 0.108331
0.0541664  1.98968 0.000221652 0.108331
0.0541664  2.0944 0.000223686 0.108331
0.0541664  2.19911 0.0002256 0.108331
0.0541664  2.30383 0.000227373 0.108331
0.0541664  2.40855 0.000228987 0.108331
0.0541664  2.51327 0.000230422 0.108331
0.0541664  2.61799 0.000231664 0.108331
0.0541664  2.72271 0.0002327 0.108331
0.0541664  2.82743 0.000233517 0.108331
0.0541664  2.93215 0.000234107 0.108331
0.0541664  3.03687 0.000234464 0.108331
0.0541664  3.14159 0.000234583 0.108331
0.0541664  3.24631 0.000234464 0.108331
0.0541664  3.35103 0.000234107 0.108331
0.0541664  3.45575 0.000233517 0.108331
0.0541664  3.56047 0.0002327 0.108331
0.0541664  3.66519 0.000231664 0.108331
0.0541664  3.76991 0.000230422 0.108331
0.0541664  3.87463 0.000228987 0.108331
0.0541664  3.97935 0.000227373 0.108331
0.0541664  4.08407 0.0002256 0.108331
0.0541664  4.18879 0.000223686 0.108331
0.0541664  4.29351 0.000221652 0.108331
0.0541664  4.39823 0.00021952 0.108331
0.0541664  4.50295 0.000217314 0.108331
0.0541664  4.60767 0.000215058 0.108331
0.0541664  4.71239 0.000212777 0.108331
0.0541664  4.81711 0.000210494 0.108331
0.0541664  4.92183 0.000208236 0.108331
0.0541664  5.02655 0.000206028 0.108331
0.0541664  5.13127 0.000203892 0.108331
0.0541664  5.23599 0.000201854 0.108331
0.0541664  5.34071 0.000199934 0.108331
0.0541664  5.44543 0.000198155 0.108331
0.0541664  5.55015 0.000196536 0.108331
0.0541664  5.65487 0.000195095 0.108331
0.0541664  5.75959 0.000193848 0.108331
0.0541664  5.86431 0.000192808 0.108331
0.0541664  5.96903 0.000191987 0.108331
0.0541664  6.07375 0.000191394 0.108331
0.0541664  0 0 0.108331
0.162497  0 0.000439897 0.108331
0.162497  0.10472 0.000440978 0.108331
0.162497  0.20944 0.000444206 0.108331
0.162497  0.314159 0.000449546 0.108331
0.162497  0.418879 0.000456936 0.108331
0.162497  0.523599 0.000466292 0.108331
0.162497  0.628319 0.000477507 0.108331
0.162497  0.733038 0.000490453 0.108331
0.162497  0.837758 0.000504986 0.108331
0.162497  0.942478 0.000520942 0.108331
0.162497  1.0472 0.000538144 0.108331
0.162497  1.15192 0.0005564 0.108331
0.162497  1.25664 0.00057551 0.108331
0.162497  1.36136 0.000595262 0.108331
0.162497  1.46608 0.000615442 0.108331
0.162497  1.5708 0.000635827 0.108331
0.162497  1.67552 0.000656197 0.108331
0.162497  1.78024 0.000676329 0.108331
0.162497  1.88496 0.000696005 0.108331
0.162497  1.98968 0.000715012 0.108331
0.162497  2.0944 0.000733143 0.108331
0.162497  2.19911 0.000750202 0.108331
0.162497  2.30383 0.000766004 0.108331
0.162497  2.40855 0.000780377 0.108331
0.162497  2.51327 0.000793165 0.108331
0.162497  2.61799 0.000804231 0.108331
0.162497  2.72271 0.000813453 0.108331
0.162497  2.82743 0.000820733 0.108331
0.162497  2.93215 0.000825989 0.108331
0.162497  3.03687 0.000829166 0.108331
0.162497  3.14159 0.000830229 0.108331
0.162497  3.24631 0.000829166 0.108331
0.162497  3.35103 0.000825989 0.108331
0.162497  3.45575 0.000820733 0.108331
0.162497  3.56047 0.000813453 0.108331
0.162497  3.66519 0.000804231 0.108331
0.162497  3.76991 0.000793165 0.108331
0.162497  3.87463 0.000780377 0.108331
0.162497  3.97935 0.000766004 0.108331
0.162497  4.08407 0.000750202 0.108331
0.162497  4.18879 0.000733143 0.108331
0.162497  4.29351 0.000715012 0.108331
0.162497  4.39823 0.000696005 0.108331
0.162497  4.50295 0.000676329 0.108331
0.162497  4.60767 0.000656197 0.108331
0.162497  4.71239 0.000635827 0.108331
0.162497  4.81711 0.000615442 0.108331
0.162497  4.92183 0.000595262 0.108331
0.162497  5.02655 0.00057551 0.108331
0.162497  5.13127 0.0005564 0.108331
0.162497  5.23599 0.000538144 0.108331
0.162497  5.34071 0.000520942 0.108331
0.162497  5.44543 0.000504986 0.108331
0.162497  5.55015 0.000490453 0.108331
0.162497  5.65487 0.000477507 0.108331
0.162497  5.75959 0.000466292 0.108331
0.162497  5.86431 0.000456936 0.108331
0.162497  5.96903 0.000449546 0.108331
0.162497  6.07375 0.000444206 0.108331
0.162497  0 0 0.108331
0.270828  0 0.000512818 0.108331
0.270828  0.10472 0.000515815 0.108331
0.270828  0.20944 0.000524771 0.108331
0.270828  0.314159 0.000539573 0.108331
0.270828  0.418879 0.000560039 0.108331
0.270828  0.523599 0.000585919 0.108331
0.270828  0.628319 0.000616902 0.108331
0.270828  0.733038 0.000652622 0.108331
0.270828  0.837758 0.000692663 0.108331
0.270828  0.942478 0.000736564 0.108331
0.270828  1.0472 0.000783831 0.108331
0.270828  1.15192 0.000833937 0.108331
0.270828  1.25664 0.000886329 0.108331
0.270828  1.36136 0.000940433 0.108331
0.270828  1.46608 0.000995664 0.108331
0.270828  1.5708 0.00105142 0.108331
0.270828  1.67552 0.00110711 0.108331
0.270828  1.78024 0.00116213 0.108331
0.270828  1.88496 0.00121588 0.108331
0.270828  1.98968 0.0012678 0.108331
0.270828  2.0944 0.00131732 0.108331
0.270828  2.19911 0.0013639 0.108331
0.270828  2.30383 0.00140706 0.108331
0.270828  2.40855 0.00144631 0.108331
0.270828  2.51327 0.00148123 0.108331
0.270828  2.61799 0.00151145 0.108331
0.270828  2.72271 0.00153663 0.108331
0.270828  2.82743 0.00155651 0.108331
0.270828  2.93215 0.00157086 0.108331
0.270828  3.03687 0.00157954 0.108331
0.270828  3.14159 0.00158244 0.108331
0.270828  3.24631 0.00157954 0.108331
0.270828  3.35103 0.00157086 0.108331
0.270828  3.45575 0.00155651 0.108331
0.270828  3.56047 0.00153663 0.108331
0.270828  3.66519 0.00151145 0.108331
0.270828  3.76991 0.00148123 0.108331
0.270828  3.87463 0.00144631 0.108331
0.270828  3.97935 0.00140706 0.108331
0.270828  4.08407 0.0013639 0.108331
0.270828  4.18879 0.00131732 0.108331
0.270828  4.29351 0.0012678 0.108331
0.270828  4.39823 0.00121588 0.108331
0.270828  4.50295 0.00116213 0.108331
0.270828  4.60767 0.00110711 0.108331
0.270828  4.71239 0.00105142 0.108331
0.270828  4.81711 0.000995664 0.108331
0.270828  4.92183 0.000940433 0.108331
0.270828  5.02655 0.000886329 0.108331
0.270828  5.13127 0.000833937 0.108331
0.270828  5.23599 0.000783831 0.108331
0.270828  5.34071 0.000736564 0.108331
0.270828  5.44543 0.000692663 0.108331
0.270828  5.55015 0.000652622 0.108331
0.270828  5.65487 0.000616902 0.108331
0.270828  5.75959 0.000585919 0.108331
0.270828  5.86431 0.000560039 0.108331
0.270828  5.96903 0.000539573 0.108331
0.270828  6.07375 0.000524771 0.108331
0.270828  0 0 0.108331
0.379159  0 0.000415902 0.108331
0.379159  0.10472 0.000421777 0.108331
0.379159  0.20944 0.000439318 0.108331
0.379159  0.314159 0.000468275 0.108331
0.379159  0.418879 0.000508239 0.108331
0.379159  0.523599 0.000558667 0.108331
0.379159  0.628319 0.000618894 0.108331
0.379159  0.733038 0.000688159 0.108331
0.379159  0.837758 0.000765614 0.108331
0.379159  0.942478 0.00085035 0.108331
0.379159  1.0472 0.000941397 0.108331
0.379159  1.15192 0.00103774 0.108331
0.379159  1.25664 0.00113834 0.108331
0.379159  1.36136 0.0012421 0.108331
0.379159  1.46608 0.00134793 0.108331
0.379159  1.5708 0.00145469 0.108331
0.379159  1.67552 0.00156127 0.108331
0.379159  1.78024 0.00166652 0.108331
0.379159  1.88496 0.00176934 0.108331
0.379159  1.98968 0.00186863 0.108331
0.379159  2.0944 0.00196334 0.108331
0.379159  2.19911 0.00205244 0.108331
0.379159  2.30383 0.00213496 0.108331
0.379159  2.40855 0.00221004 0.108331
0.379159  2.51327 0.00227685 0.108331
0.379159  2.61799 0.00233466 0.108331
0.379159  2.72271 0.00238284 0.108331
0.379159  2.82743 0.00242087 0.108331
0.379159  2.93215 0.00244834 0.108331
0.379159  3.03687 0.00246494 0.108331
0.379159  3.14159 0.00247049 0.108331
0.379159  3.24631 0.00246494 0.108331
0.379159  3.35103 0.00244834 0.108331
0.379159  3.45575 0.00242087 0.108331
0.379159  3.56047 0.00238284 0.108331
0.379159  3.66519 0.00233466 0.108331
0.379159  3.76991 0.00227685 0.108331
0.379159  3.87463 0.00221004 0.108331
0.379159  3.97935 0.00213496 0.108331
0.379159  4.08407 0.00205244 0.108331
0.379159  4.18879 0.00196334 0.108331
0.379159  4.29351 0.00186863 0.108331
0.379159  4.39823 0.00176934 0.108331
0.379159  4.50295 0.00166652 0.108331
0.379159  4.60767 0.00156127 0.108331
0.379159  4.71239 0.00145469 0.108331
0.379159  4.81711 0.00134793 0.108331
0.379159  4.92183 0.0012421 0.108331
0.379159  5.02655 0.00113834 0.108331
0.379159  5.13127 0.00103774 0.108331
0.379159  5.23599 0.000941397 0.108331
0.379159  5.34071 0.00085035 0.108331
0.379159  5.44543 0.000765614 0.108331
0.379159  5.55015 0.000688159 0.108331
0.379159  5.65487 0.000618894 0.108331
0.379159  5.75959 0.000558667 0.108331
0.379159  5.86431 0.000508239 0.108331
0.379159  5.96903 0.000468275 0.108331
0.379159  6.07375 0.000439318 0.108331
0.379159  0 0 0.108331
0.487489  0 0.000159265 0.108331
0.487489  0.10472 0.000169056 0.108331
0.487489  0.20944 0.000198241 0.108331
0.487489  0.314159 0.000246281 0.108331
0.487489  0.418879 0.000312333 0.108331
0.487489  0.523599 0.000395309 0.108331
0.487489  0.628319 0.000493958 0.108331
0.487489  0.733038 0.000606924 0.108331
0.487489  0.837758 0.000732758 0.108331
0.487489  0.942478 0.000869939 0.108331
0.487489  1.0472 0.0010169 0.108331
0.487489  1.15192 0.00117204 0.108331
0.487489  1.25664 0.00133371 0.108331
0.487489  1.36136 0.00150023 0.108331
0.487489  1.46608 0.00166988 0.108331
0.487489  1.5708 0.00184091 0.108331
0.487489  1.67552 0.00201155 0.108331
0.487489  1.78024 0.00218003 0.108331
0.487489  1.88496 0.0023446 0.108331
0.487489  1.98968 0.00250351 0.108331
0.487489  2.0944 0.00265508 0.108331
0.487489  2.19911 0.00279768 0.108331
0.487489  2.30383 0.0029298 0.108331
0.487489  2.40855 0.00304999 0.108331
0.487489  2.51327 0.00315695 0.108331
0.487489  2.61799 0.00324952 0.108331
0.487489  2.72271 0.00332669 0.108331
0.487489  2.82743 0.0033876 0.108331
0.487489  2.93215 0.0034316 0.108331
0.487489  3.03687 0.00345819 0.108331
0.487489  3.14159 0.00346709 0.108331
0.487489  3.24631 0.00345819 0.108331
0.487489  3.35103 0.0034316 0.108331
0.487489  3.45575 0.0033876 0.108331
0.487489  3.56047 0.00332669 0.108331
0.487489  3.66519 0.00324952 0.108331
0.487489  3.76991 0.00315695 0.108331
0.487489  3.87463 0.00304999 0.108331
0.487489  3.97935 0.0029298 0.108331
0.487489  4.08407 0.00279768 0.108331
0.487489  4.18879 0.00265508 0.108331
0.487489  4.29351 0.00250351 0.108331
0.487489  4.39823 0.0023446 0.108331
0.487489  4.50295 0.00218003 0.108331
0.487489  4.60767 0.00201155 0.108331
0.487489  4.71239 0.00184091 0.108331
0.487489  4.81711 0.00166988 0.108331
0.487489  4.92183 0.00150023 0.108331
0.487489  5.02655 0.00133371 0.108331
0.487489  5.13127 0.00117204 0.108331
0.487489  5.23599 0.0010169 0.108331
0.487489  5.34071 0.000869939 0.108331
0.487489  5.44543 0.000732758 0.108331
0.487489  5.55015 0.000606924 0.108331
0.487489  5.65487 0.000493958 0.108331
0.487489  5.75959 0.000395309 0.108331
0.487489  5.86431 0.000312333 0.108331
0.487489  5.96903 0.000246281 0.108331
0.487489  6.07375 0.000198241 0.108331
0.487489  0 0 0.108331
0.59582  0 0 0.108331
0.59582  0.10472 0 0.108331
0.59582  0.20944 0 0.108331
0.59582  0.314159 0 0.108331
0.59582  0.418879 0 0.108331
0.59582  0.523599 0.00010994 0.108331
0.59582  0.628319 0.000256428 0.108331
0.59582  0.733038 0.000422851 0.108331
0.59582  0.837758 0.00060696 0.108331
0.59582  0.942478 0.000806605 0.108331
0.59582  1.0472 0.00101959 0.108331
0.59582  1.15192 0.0012437 0.108331
0.59582  1.25664 0.00147668 0.108331
0.59582  1.36136 0.00171622 0.108331
0.59582  1.46608 0.00195998 0.108331
0.59582  1.5708 0.00220554 0.108331
0.59582  1.67552 0.00245043 0.108331
0.59582  1.78024 0.00269216 0.108331
0.59582  1.88496 0.00292827 0.108331
0.59582  1.98968 0.00315625 0.108331
0.59582  2.0944 0.00337372 0.108331
0.59582  2.19911 0.00357836 0.108331
0.59582  2.30383 0.00376795 0.108331
0.59582  2.40855 0.00394047 0.108331
0.59582  2.51327 0.00409401 0.108331
0.59582  2.61799 0.00422691 0.108331
0.59582  2.72271 0.00433771 0.108331
0.59582  2.82743 0.00442518 0.108331
0.59582  2.93215 0.00448836 0.108331
0.59582  3.03687 0.00452655 0.108331
0.59582  3.14159 0.00453932 0.108331
0.59582  3.24631 0.00452655 0.108331
0.59582  3.35103 0.00448836 0.108331
0.59582  3.45575 0.00442518 0.108331
0.59582  3.56047 0.00433771 0.108331
0.59582  3.66519 0.00422691 0.108331
0.59582  3.76991 0.00409401 0.108331
0.59582  3.87463 0.00394047 0.108331
0.59582  3.97935 0.00376795 0.108331
0.59582  4.08407 0.00357836 0.108331
0.59582  4.18879 0.00337372 0.108331
0.59582  4.29351 0.00315625 0.108331
0.59582  4.39823 0.00292827 0.108331
0.59582  4.50295 0.00269216 0.108331
0.59582  4.60767 0.00245043 0.108331
0.59582  4.71239 0.00220554 0.108331
0.59582  4.81711 0.00195998 0.108331
0.59582  4.92183 0.00171622 0.108331
0.59582  5.02655 0.00147668 0.108331
0.59582  5.13127 0.0012437 0.108331
0.59582  5.23599 0.00101959 0.108331
0.59582  5.34071 0.000806605 0.108331
0.59582  5.44543 0.00060696 0.108331
0.59582  5.55015 0.000422851 0.108331
0.59582  5.65487 0.000256428 0.108331
0.59582  5.75959 0.00010994 0.108331
0.59582  5.86431 0 0.108331
0.59582  5.96903 0 0.108331
0.59582  6.07375 0 0.108331
0.59582  0 0 0.108331
0.704151  0 0 0.108331
0.704151  0.10472 0 0.108331
0.704151  0.20944 0 0.108331
0.704151  0.314159 0 0.108331
0.704151  0.418879 0 0.108331
0.704151  0.523599 0 0.108331
0.704151  0.628319 0 0.108331
0.704151  0.733038 0.000152907 0.108331
0.704151  0.837758 0.000404351 0.108331
0.704151  0.942478 0.000674697 0.108331
0.704151  1.0472 0.000961392 0.108331
0.704151  1.15192 0.0012618 0.108331
0.704151  1.25664 0.00157318 0.108331
0.704151  1.36136 0.00189271 0.108331
0.704151  1.46608 0.00221744 0.108331
0.704151  1.5708 0.00254431 0.108331
0.704151  1.67552 0.00287016 0.108331
0.704151  1.78024 0.00319174 0.108331
0.704151  1.88496 0.00350583 0.108331
0.704151  1.98968 0.00380911 0.108331
0.704151  2.0944 0.00409846 0.108331
0.704151  2.19911 0.00437075 0.108331
0.704151  2.30383 0.00462307 0.108331
0.704151  2.40855 0.00485268 0.108331
0.704151  2.51327 0.00505708 0.108331
0.704151  2.61799 0.00523401 0.108331
0.704151  2.72271 0.00538152 0.108331
0.704151  2.82743 0.00549799 0.108331
0.704151  2.93215 0.00558211 0.108331
0.704151  3.03687 0.00563297 0.108331
0.704151  3.14159 0.00564998 0.108331
0.704151  3.24631 0.00563297 0.108331
0.704151  3.35103 0.00558211 0.108331
0.704151  3.45575 0.00549799 0.108331
0.704151  3.56047 0.00538152 0.108331
0.704151  3.66519 0.00523401 0.108331
0.704151  3.76991 0.00505708 0.108331
0.704151  3.87463 0.00485268 0.108331
0.704151  3.97935 0.00462307 0.108331
0.704151  4.08407 0.00437075 0.108331
0.704151  4.18879 0.00409846 0.108331
0.704151  4.29351 0.00380911 0.108331
0.704151  4.39823 0.00350583 0.108331
0.704151  4.50295 0.00319174 0.108331
0.704151  4.60767 0.00287016 0.108331
0.704151  4.71239 0.00254431 0.108331
0.704151  4.81711 0.00221744 0.108331
0.704151  4.92183 0.00189271 0.108331
0.704151  5.02655 0.00157318 0.108331
0.704151  5.13127 0.0012618 0.108331
0.704151  5.23599 0.000961392 0.108331
0.704151  5.34071 0.000674697 0.108331
0.704151  5.44543 0.000404351 0.108331
0.704151  5.55015 0.000152907 0.108331
0.704151  5.65487 0 0.108331
0.704151  5.75959 0 0.108331
0.704151  5.86431 0 0.108331
0.704151  5.96903 0 0.108331
0.704151  6.07375 0 0.108331
0.704151  0 0 0.108331
0.812482  0 0 0.108331
0.812482  0.10472 0 0.108331
0.812482  0.20944 0 0.108331
0.812482  0.314159 0 0.108331
0.812482  0.418879 0 0.108331
0.812482  0.523599 0 0.108331
0.812482  0.628319 0 0.108331
0.812482  0.733038 0 0.108331
0.812482  0.837758 0.000143522 0.108331
0.812482  0.942478 0.000490956 0.108331
0.812482  1.0472 0.00085631 0.108331
0.812482  1.15192 0.00123713 0.108331
0.812482  1.25664 0.00163051 0.108331
0.812482  1.36136 0.00203329 0.108331
0.812482  1.46608 0.00244209 0.108331
0.812482  1.5708 0.00285325 0.108331
0.812482  1.67552 0.00326298 0.108331
0.812482  1.78024 0.00366729 0.108331
0.812482  1.88496 0.00406215 0.108331
0.812482  1.98968 0.00444348 0.108331
0.812482  2.0944 0.00480729 0.108331
0.812482  2.19911 0.00514974 0.108331
0.812482  2.30383 0.0054671 0.108331
0.812482  2.40855 0.00575593 0.108331
0.812482  2.51327 0.00601306 0.108331
0.812482  2.61799 0.00623567 0.108331
0.812482  2.72271 0.00642128 0.108331
0.812482  2.82743 0.00656782 0.108331
0.812482  2.93215 0.00667369 0.108331
0.812482  3.03687 0.00673768 0.108331
0.812482  3.14159 0.00675909 0.108331
0.812482  3.24631 0.00673768 0.108331
0.812482  3.35103 0.00667369 0.108331
0.812482  3.45575 0.00656782 0.108331
0.812482  3.56047 0.00642128 0.108331
0.812482  3.66519 0.00623567 0.108331
0.812482  3.76991 0.00601306 0.108331
0.812482  3.87463 0.00575593 0.108331
0.812482  3.97935 0.0054671 0.108331
0.812482  4.08407 0.00514974 0.108331
0.812482  4.18879 0.00480729 0.108331
0.812482  4.29351 0.00444348 0.108331
0.812482  4.39823 0.00406215 0.108331
0.812482  4.50295 0.00366729 0.108331
0.812482  4.60767 0.00326298 0.108331
0.812482  4.71239 0.00285325 0.108331
0.812482  4.81711 0.00244209 0.108331
0.812482  4.92183 0.00203329 0.108331
0.812482  5.02655 0.00163051 0.108331
0.812482  5.13127 0.00123713 0.108331
0.812482  5.23599 0.00085631 0.108331
0.812482  5.34071 0.000490956 0.108331
0.812482  5.44543 0.000143522 0.108331
0.812482  5.55015 0 0.108331
0.812482  5.65487 0 0.108331
0.812482  5.75959 0 0.108331
0.812482  5.86431 0 0.108331
0.812482  5.96903 0 0.108331
0.812482  6.07375 0 0.108331
0.812482  0 0 0.108331
0.920812  0 0 0.108331
0.920812  0.10472 0 0.108331
0.920812  0.20944 0 0.108331
0.920812  0.314159 0 0.108331
0.920812  0.418879 0 0.108331
0.920812  0.523599 0 0.108331
0.920812  0.628319 0 0.108331
0.920812  0.733038 0 0.108331
0.920812  0.837758 0 0.108331
0.920812  0.942478 0.000273778 0.108331
0.920812  1.0472 0.000719778 0.108331
0.920812  1.15192 0.00118157 0.108331
0.920812  1.25664 0.00165678 0.108331
0.920812  1.36136 0.00214222 0.108331
0.920812  1.46608 0.00263423 0.108331
0.920812  1.5708 0.00312875 0.108331
0.920812  1.67552 0.00362135 0.108331
0.920812  1.78024 0.00410739 0.108331
0.920812  1.88496 0.00458206 0.108331
0.920812  1.98968 0.00504052 0.108331
0.920812  2.0944 0.00547796 0.108331
0.920812  2.19911 0.00588974 0.108331
0.920812  2.30383 0.00627142 0.108331
0.920812  2.40855 0.00661882 0.108331
0.920812  2.51327 0.00692813 0.108331
0.920812  2.61799 0.00719592 0.108331
0.920812  2.72271 0.00741921 0.108331
0.920812  2.82743 0.00759553 0.108331
0.920812  2.93215 0.0077229 0.108331
0.920812  3.03687 0.00779989 0.108331
0.920812  3.14159 0.00782565 0.108331
0.920812  3.24631 0.00779989 0.108331
0.920812  3.35103 0.0077229 0.108331
0.920812  3.45575 0.00759553 0.108331
0.920812  3.56047 0.00741921 0.108331
0.920812  3.66519 0.00719592 0.108331
0.920812  3.76991 0.00692813 0.108331
0.920812  3.87463 0.00661882 0.108331
0.920812  3.97935 0.00627142 0.108331
0.920812  4.08407 0.00588974 0.108331
0.920812  4.18879 0.00547796 0.108331
0.920812  4.29351 0.00504052 0.108331
0.920812  4.39823 0.00458206 0.108331
0.920812  4.50295 0.00410739 0.108331
0.920812  4.60767 0.00362135 0.108331
0.920812  4.71239 0.00312875 0.108331
0.920812  4.81711 0.00263423 0.108331
0.920812  4.92183 0.00214222 0.108331
0.920812  5.02655 0.00165678 0.108331
0.920812  5.13127 0.00118157 0.108331
0.920812  5.23599 0.000719778 0.108331
0.920812  5.34071 0.000273778 0.108331
0.920812  5.44543 0 0.108331
0.920812  5.55015 0 0.108331
0.920812  5.65487 0 0.108331
0.920812  5.75959 0 0.108331
0.920812  5.86431 0 0.108331
0.920812  5.96903 0 0.108331
0.920812  6.07375 0 0.108331
0.920812  0 0 0.108331
1.02914  0 0 0.108331
1.02914  0.10472 0 0.108331
1.02914  0.20944 0 0.108331
1.02914  0.314159 0 0.108331
1.02914  0.418879 0 0.108331
1.02914  0.523599 0 0.108331
1.02914  0.628319 0 0.108331
1.02914  0.733038 0 0.108331
1.02914  0.837758 0 0.108331
1.02914  0.942478 4.27134e-05 0.108331
1.02914  1.0472 0.000567815 0.108331
1.02914  1.15192 0.00110744 0.108331
1.02914  1.25664 0.00166047 0.108331
1.02914  1.36136 0.00222407 0.108331
1.02914  1.46608 0.00279456 0.108331
1.02914  1.5708 0.00336756 0.108331
1.02914  1.67552 0.00393816 0.108331
1.02914  1.78024 0.00450113 0.108331
1.02914  1.88496 0.00505091 0.108331
1.02914  1.98968 0.00558198 0.108331
1.02914  2.0944 0.00608876 0.108331
1.02914  2.19911 0.00656585 0.108331
1.02914  2.30383 0.00700811 0.108331
1.02914  2.40855 0.00741069 0.108331
1.02914  2.51327 0.00776914 0.108331
1.02914  2.61799 0.0080795 0.108331
1.02914  2.72271 0.00833831 0.108331
1.02914  2.82743 0.00854268 0.108331
1.02914  2.93215 0.00869031 0.108331
1.02914  3.03687 0.00877956 0.108331
1.02914  3.14159 0.00880942 0.108331
1.02914  3.24631 0.00877956 0.108331
1.02914  3.35103 0.00869031 0.108331
1.02914  3.45575 0.00854268 0.108331
1.02914  3.56047 0.00833831 0.108331
1.02914  3.66519 0.0080795 0.108331
1.02914  3.76991 0.00776914 0.108331
1.02914  3.87463 0.00741069 0.108331
1.02914  3.97935 0.00700811 0.108331
1.02914  4.08407 0.00656585 0.108331
1.02914  4.18879 0.00608876 0.108331
1.02914  4.29351 0.00558198 0.108331
1.02914  4.39823 0.00505091 0.108331
1.02914  4.50295 0.00450113 0.108331
1.02914  4.60767 0.00393816 0.108331
1.02914  4.71239 0.00336756 0.108331
1.02914  4.81711 0.00279456 0.108331
1.02914  4.92183 0.00222407 0.108331
1.02914  5.02655 0.00166047 0.108331
1.02914  5.13127 0.00110744 0.108331
1.02914  5.23599 0.000567815 0.108331
1.02914  5.34071 4.27134e-05 0.108331
1.02914  5.44543 0 0.108331
1.02914  5.55015 0 0.108331
1.02914  5.65487 0 0.108331
1.02914  5.75959 0 0.108331
1.02914  5.86431 0 0.108331
1.02914  5.96903 0 0.108331
1.02914  6.07375 0 0.108331
1.02914  0 0 0.108331
1.13747  0 0 0.108331
1.13747  0.10472 0 0.108331
1.13747  0.20944 0 0.108331
1.13747  0.314159 0 0.108331
1.13747  0.418879 0 0.108331
1.13747  0.523599 0 0.108331
1.13747  0.628319 0 0.108331
1.13747  0.733038 0 0.108331
1.13747  0.837758 0 0.108331
1.13747  0.942478 0 0.108331
1.13747  1.0472 0.000416339 0.108331
1.13747  1.15192 0.00102685 0.108331
1.13747  1.25664 0.00164988 0.108331
1.13747  1.36136 0.00228342 0.108331
1.13747  1.46608 0.00292394 0.108331
1.13747  1.5708 0.00356689 0.108331
1.13747  1.67552 0.00420699 0.108331
1.13747  1.78024 0.00483847 0.108331
1.13747  1.88496 0.00545519 0.108331
1.13747  1.98968 0.00605093 0.108331
1.13747  2.0944 0.0066195 0.108331
1.13747  2.19911 0.00715482 0.108331
1.13747  2.30383 0.00765108 0.108331
1.13747  2.40855 0.00810285 0.108331
1.13747  2.51327 0.00850513 0.108331
1.13747  2.61799 0.00885345 0.108331
1.13747  2.72271 0.00914392 0.108331
1.13747  2.82743 0.0093733 0.108331
1.13747  2.93215 0.009539 0.108331
1.13747  3.03687 0.00963918 0.108331
1.13747  3.14159 0.00967269 0.108331
1.13747  3.24631 0.00963918 0.108331
1.13747  3.35103 0.009539 0.108331
1.13747  3.45575 0.0093733 0.108331
1.13747  3.56047 0.00914392 0.108331
1.13747  3.66519 0.00885345 0.108331
1.13747  3.76991 0.00850513 0.108331
1.13747  3.87463 0.00810285 0.108331
1.13747  3.97935 0.00765108 0.108331
1.13747  4.08407 0.00715482 0.108331
1.13747  4.18879 0.0066195 0.108331
1.13747  4.29351 0.00605093 0.108331
1.13747  4.39823 0.00545519 0.108331
1.13747  4.50295 0.00483847 0.108331
1.13747  4.60767 0.00420699 0.108331
1.13747  4.71239 0.00356689 0.108331
1.13747  4.81711 0.00292394 0.108331
1.13747  4.92183 0.00228342 0.108331
1.13747  5.02655 0.00164988 0.108331
1.13747  5.13127 0.00102685 0.108331
1.13747  5.23599 0.000416339 0.108331
1.13747  5.34071 0 0.108331
1.13747  5.44543 0 0.108331
1.13747  5.55015 0 0.108331
1.13747  5.65487 0 0.108331
1.13747  5.75959 0 0.108331
1.13747  5.86431 0 0.108331
1.13747  5.96903 0 0.108331
1.13747  6.07375 0 0.108331
1.13747  0 0 0.108331
1.2458  0 0 0.108331
1.2458  0.10472 0 0.108331
1.2458  0.20944 0 0.108331
1.2458  0.314159 0 0.108331
1.2458  0.418879 0 0.108331
1.2458  0.523599 0 0.108331
1.2458  0.628319 0 0.108331
1.2458  0.733038 0 0.108331
1.2458  0.837758 0 0.108331
1.2458  0.942478 0 0.108331
1.2458  1.0472 0.000280307 0.108331
1.2458  1.15192 0.000950969 0.108331
1.2458  1.25664 0.00163268 0.108331
1.2458  1.36136 0.00232454 0.108331
1.2458  1.46608 0.00302332 0.108331
1.2458  1.5708 0.0037244 0.108331
1.2458  1.67552 0.00442223 0.108331
1.2458  1.78024 0.00511064 0.108331
1.2458  1.88496 0.00578297 0.108331
1.2458  1.98968 0.00643247 0.108331
1.2458  2.0944 0.00705238 0.108331
1.2458  2.19911 0.00763608 0.108331
1.2458  2.30383 0.00817724 0.108331
1.2458  2.40855 0.0086699 0.108331
1.2458  2.51327 0.00910861 0.108331
1.2458  2.61799 0.00948849 0.108331
1.2458  2.72271 0.00980529 0.108331
1.2458  2.82743 0.0100555 0.108331
1.2458  2.93215 0.0102362 0.108331
1.2458  3.03687 0.0103454 0.108331
1.2458  3.14159 0.010382 0.108331
1.2458  3.24631 0.0103454 0.108331
1.2458  3.35103 0.0102362 0.108331
1.2458  3.45575 0.0100555 0.108331
1.2458  3.56047 0.00980529 0.108331
1.2458  3.66519 0.00948849 0.108331
1.2458  3.76991 0.00910861 0.108331
1.2458  3.87463 0.0086699 0.108331
1.2458  3.97935 0.00817724 0.108331
1.2458  4.08407 0.00763608 0.108331
1.2458  4.18879 0.00705238 0.108331
1.2458  4.29351 0.00643247 0.108331
1.2458  4.39823 0.00578297 0.108331
1.2458  4.50295 0.00511064 0.108331
1.2458  4.60767 0.00442223 0.108331
1.2458  4.71239 0.0037244 0.108331
1.2458  4.81711 0.00302332 0.108331
1.2458  4.92183 0.00232454 0.108331
1.2458  5.02655 0.00163268 0.108331
1.2458  5.13127 0.000950969 0.108331
1.2458  5.23599 0.000280307 0.108331
1.2458  5.34071 0 0.108331
1.2458  5.44543 0 0.108331
1.2458  5.55015 0 0.108331
1.2458  5.65487 0 0.108331
1.2458  5.75959 0 0.108331
1.2458  5.86431 0 0.108331
1.2458  5.96903 0 0.108331
1.2458  6.07375 0 0.108331
1.2458  0 0 0.108331
1.35414  0 0 0.108331
1.35414  0.10472 0 0.108331
1.35414  0.20944 0 0.108331
1.35414  0.314159 0 0.108331
1.35414  0.418879 0 0.108331
1.35414  0.523599 0 0.108331
1.35414  0.628319 0 0.108331
1.35414  0.733038 0 0.108331
1.35414  0.837758 0 0.108331
1.35414  0.942478 0 0.108331
1.35414  1.0472 0.000172761 0.108331
1.35414  1.15192 0.000889322 0.108331
1.35414  1.25664 0.00161535 0.108331
1.35414  1.36136 0.00235108 0.108331
1.35414  1.46608 0.00309357 0.108331
1.35414  1.5708 0.00383824 0.108331
1.35414  1.67552 0.00457935 0.108331
1.35414  1.78024 0.00531043 0.108331
1.35414  1.88496 0.00602446 0.108331
1.35414  1.98968 0.00671426 0.108331
1.35414  2.0944 0.00737267 0.108331
1.35414  2.19911 0.00799265 0.108331
1.35414  2.30383 0.00856747 0.108331
1.35414  2.40855 0.0090908 0.108331
1.35414  2.51327 0.00955683 0.108331
1.35414  2.61799 0.00996038 0.108331
1.35414  2.72271 0.0102969 0.108331
1.35414  2.82743 0.0105627 0.108331
1.35414  2.93215 0.0107547 0.108331
1.35414  3.03687 0.0108708 0.108331
1.35414  3.14159 0.0109096 0.108331
1.35414  3.24631 0.0108708 0.108331
1.35414  3.35103 0.0107547 0.108331
1.35414  3.45575 0.0105627 0.108331
1.35414  3.56047 0.0102969 0.108331
1.35414  3.66519 0.00996038 0.108331
1.35414  3.76991 0.00955683 0.108331
1.35414  3.87463 0.0090908 0.108331
1.35414  3.97935 0.00856747 0.108331
1.35414  4.08407 0.00799265 0.108331
1.35414  4.18879 0.00737267 0.108331
1.35414  4.29351 0.00671426 0.108331
1.35414  4.39823 0.00602446 0.108331
1.35414  4.50295 0.00531043 0.108331
1.35414  4.60767 0.00457935 0.108331
1.35414  4.71239 0.00383824 0.108331
1.35414  4.81711 0.00309357 0.108331
1.35414  4.92183 0.00235108 0.108331
1.35414  5.02655 0.00161535 0.108331
1.35414  5.13127 0.000889322 0.108331
1.35414  5.23599 0.000172761 0.108331
1.35414  5.34071 0 0.108331
1.35414  5.44543 0 0.108331
1.35414  5.55015 0 0.108331
1.35414  5.65487 0 0.108331
1.35414  5.75959 0 0.108331
1.35414  5.86431 0 0.108331
1.35414  5.96903 0 0.108331
1.35414  6.07375 0 0.108331
1.35414  0 0 0.108331
1.46247  0 0 0.108331
1.46247  0.10472 0 0.108331
1.46247  0.20944 0 0.108331
1.46247  0.314159 0 0.108331
1.46247  0.418879 0 0.108331
1.46247  0.523599 0 0.108331
1.46247  0.628319 0 0.108331
1.46247  0.733038 0 0.108331
1.46247  0.837758 0 0.108331
1.46247  0.942478 0 0.108331
1.46247  1.0472 0.000103887 0.108331
1.46247  1.15192 0.000849246 0.108331
1.46247  1.25664 0.00160288 0.108331
1.46247  1.36136 0.00236583 0.108331
1.46247  1.46608 0.00313542 0.108331
1.46247  1.5708 0.00390709 0.108331
1.46247  1.67552 0.004675 0.108331
1.46247  1.78024 0.0054325 0.108331
1.46247  1.88496 0.00617235 0.108331
1.46247  1.98968 0.00688711 0.108331
1.46247  2.0944 0.00756937 0.108331
1.46247  2.19911 0.00821183 0.108331
1.46247  2.30383 0.00880751 0.108331
1.46247  2.40855 0.00934983 0.108331
1.46247  2.51327 0.0098328 0.108331
1.46247  2.61799 0.010251 0.108331
1.46247  2.72271 0.0105998 0.108331
1.46247  2.82743 0.0108752 0.108331
1.46247  2.93215 0.0110742 0.108331
1.46247  3.03687 0.0111945 0.108331
1.46247  3.14159 0.0112347 0.108331
1.46247  3.24631 0.0111945 0.108331
1.46247  3.35103 0.0110742 0.108331
1.46247  3.45575 0.0108752 0.108331
1.46247  3.56047 0.0105998 0.108331
1.46247  3.66519 0.010251 0.108331
1.46247  3.76991 0.0098328 0.108331
1.46247  3.87463 0.00934983 0.108331
1.46247  3.97935 0.00880751 0.108331
1.46247  4.08407 0.00821183 0.108331
1.46247  4.18879 0.00756937 0.108331
1.46247  4.29351 0.00688711 0.108331
1.46247  4.39823 0.00617235 0.108331
1.46247  4.50295 0.0054325 0.108331
1.46247  4.60767 0.004675 0.108331
1.46247  4.71239 0.00390709 0.108331
1.46247  4.81711 0.00313542 0.108331
1.46247  4.92183 0.00236583 0.108331
1.46247  5.02655 0.00160288 0.108331
1.46247  5.13127 0.000849246 0.108331
1.46247  5.23599 0.000103887 0.108331
1.46247  5.34071 0 0.108331
1.46247  5.44543 0 0.108331
1.46247  5.55015 0 0.108331
1.46247  5.65487 0 0.108331
1.46247  5.75959 0 0.108331
1.46247  5.86431 0 0.108331
1.46247  5.96903 0 0.108331
1.46247  6.07375 0 0.108331
1.46247  0 0 0.108331
1.5708  0 0 0.108331
1.5708  0.10472 0 0.108331
1.5708  0.20944 0 0.108331
1.5708  0.314159 0 0.108331
1.5708  0.418879 0 0.108331
1.5708  0.523599 0 0.108331
1.5708  0.628319 0 0.108331
1.5708  0.733038 0 0.108331
1.5708  0.837758 0 0.108331
1.5708  0.942478 0 0.108331
1.5708  1.0472 8.01826e-05 0.108331
1.5708  1.15192 0.000835361 0.108331
1.5708  1.25664 0.00159837 0.108331
1.5708  1.36136 0.00237055 0.108331
1.5708  1.46608 0.00314931 0.108331
1.5708  1.5708 0.00393012 0.108331
1.5708  1.67552 0.00470712 0.108331
1.5708  1.78024 0.00547357 0.108331
1.5708  1.88496 0.00622215 0.108331
1.5708  1.98968 0.00694537 0.108331
1.5708  2.0944 0.00763571 0.108331
1.5708  2.19911 0.00828578 0.108331
1.5708  2.30383 0.00888851 0.108331
1.5708  2.40855 0.00943727 0.108331
1.5708  2.51327 0.00992597 0.108331
1.5708  2.61799 0.0103491 0.108331
1.5708  2.72271 0.0107021 0.108331
1.5708  2.82743 0.0109808 0.108331
1.5708  2.93215 0.0111821 0.108331
1.5708  3.03687 0.0113038 0.108331
1.5708  3.14159 0.0113446 0.108331
1.5708  3.24631 0.0113038 0.108331
1.5708  3.35103 0.0111821 0.108331
1.5708  3.45575 0.0109808 0.108331
1.5708  3.56047 0.0107021 0.108331
1.5708  3.66519 0.0103491 0.108331
1.5708  3.76991 0.00992597 0.108331
1.5708  3.87463 0.00943727 0.108331
1.5708  3.97935 0.00888851 0.108331
1.5708  4.08407 0.00828578 0.108331
1.5708  4.18879 0.00763571 0.108331
1.5708  4.29351 0.00694537 0.108331
1.5708  4.39823 0.00622215 0.108331
1.5708  4.50295 0.00547357 0.108331
1.5708  4.60767 0.00470712 0.108331
1.5708  4.71239 0.00393012 0.108331
1.5708  4.81711 0.00314931 0.108331
1.5708  4.92183 0.00237055 0.108331
1.5708  5.02655 0.00159837 0.108331
1.5708  5.13127 0.000835361 0.108331
1.5708  5.23599 8.01826e-05 0.108331
1.5708  5.34071 0 0.108331
1.5708  5.44543 0 0.108331
1.5708  5.55015 0 0.108331
1.5708  5.65487 0 0.108331
1.5708  5.75959 0 0.108331
1.5708  5.86431 0 0.108331
1.5708  5.96903 0 0.108331
1.5708  6.07375 0 0.108331
1.5708  0 0 0.108331
1.62496  0 0 0.108331
1.62496  0.10472 0 0.108331
1.62496  0.20944 0 0.108331
1.62496  0.314159 0 0.108331
1.62496  0.418879 0 0.108331
1.62496  0.523599 0 0.108331
1.62496  0.628319 0 0.108331
1.62496  0.733038 0 0.108331
1.62496  0.837758 0 0.108331
1.62496  0.942478 0 0.108331
1.62496  1.0472 8.61445e-05 0.108331
1.62496  1.15192 0.000838857 0.108331
1.62496  1.25664 0.00159951 0.108331
1.62496  1.36136 0.00236938 0.108331
1.62496  1.46608 0.00314584 0.108331
1.62496  1.5708 0.00392436 0.108331
1.62496  1.67552 0.00469908 0.108331
1.62496  1.78024 0.00546328 0.108331
1.62496  1.88496 0.00620968 0.108331
1.62496  1.98968 0.00693077 0.108331
1.62496  2.0944 0.00761909 0.108331
1.62496  2.19911 0.00826725 0.108331
1.62496  2.30383 0.00886821 0.108331
1.62496  2.40855 0.00941536 0.108331
1.62496  2.51327 0.00990262 0.108331
1.62496  2.61799 0.0103246 0.108331
1.62496  2.72271 0.0106764 0.108331
1.62496  2.82743 0.0109543 0.108331
1.62496  2.93215 0.0111551 0.108331
1.62496  3.03687 0.0112764 0.108331
1.62496  3.14159 0.011317 0.108331
1.62496  3.24631 0.0112764 0.108331
1.62496  3.35103 0.0111551 0.108331
1.62496  3.45575 0.0109543 0.108331
1.62496  3.56047 0.0106764 0.108331
1.62496  3.66519 0.0103246 0.108331
1.62496  3.76991 0.00990262 0.108331
1.62496  3.87463 0.00941536 0.108331
1.62496  3.97935 0.00886821 0.108331
1.62496  4.08407 0.00826725 0.108331
1.62496  4.18879 0.00761909 0.108331
1.62496  4.29351 0.00693077 0.108331
1.62496  4.39823 0.00620968 0.108331
1.62496  4.50295 0.00546328 0.108331
1.62496  4.60767 0.00469908 0.108331
1.62496  4.71239 0.00392436 0.108331
1.62496  4.81711 0.00314584 0.108331
1.62496  4.92183 0.00236938 0.108331
1.62496  5.02655 0.00159951 0.108331
1.62496  5.13127 0.000838857 0.108331
1.62496  5.23599 8.61445e-05 0.108331
1.62496  5.34071 0 0.108331
1.62496  5.44543 0 0.108331
1.62496  5.55015 0 0.108331
1.62496  5.65487 0 0.108331
1.62496  5.75959 0 0.108331
1.62496  5.86431 0 0.108331
1.62496  5.96903 0 0.108331
1.62496  6.07375 0 0.108331
1.62496  0 0 0.108331
1.73329  0 0 0.108331
1.73329  0.10472 0 0.108331
1.73329  0.20944 0 0.108331
1.73329  0.314159 0 0.108331
1.73329  0.418879 0 0.108331
1.73329  0.523599 0 0.108331
1.73329  0.628319 0 0.108331
1.73329  0.733038 0 0.108331
1.73329  0.837758 0 0.108331
1.73329  0.942478 0 0.108331
1.73329  1.0472 0.00013299 0.108331
1.73329  1.15192 0.000866231 0.108331
1.73329  1.25664 0.00160827 0.108331
1.73329  1.36136 0.00235979 0.108331
1.73329  1.46608 0.00311801 0.108331
1.73329  1.5708 0.00387835 0.108331
1.73329  1.67552 0.00463502 0.108331
1.73329  1.78024 0.00538144 0.108331
1.73329  1.88496 0.00611045 0.108331
1.73329  1.98968 0.00681474 0.108331
1.73329  2.0944 0.00748699 0.108331
1.73329  2.19911 0.00812002 0.108331
1.73329  2.30383 0.00870695 0.108331
1.73329  2.40855 0.0092413 0.108331
1.73329  2.51327 0.00971716 0.108331
1.73329  2.61799 0.0101292 0.108331
1.73329  2.72271 0.0104729 0.108331
1.73329  2.82743 0.0107442 0.108331
1.73329  2.93215 0.0109403 0.108331
1.73329  3.03687 0.0110588 0.108331
1.73329  3.14159 0.0110985 0.108331
1.73329  3.24631 0.0110588 0.108331
1.73329  3.35103 0.0109403 0.108331
1.73329  3.45575 0.0107442 0.108331
1.73329  3.56047 0.0104729 0.108331
1.73329  3.66519 0.0101292 0.108331
1.73329  3.76991 0.00971716 0.108331
1.73329  3.87463 0.0092413 0.108331
1.73329  3.97935 0.00870695 0.108331
1.73329  4.08407 0.00812002 0.108331
1.73329  4.18879 0.00748699 0.108331
1.73329  4.29351 0.00681474 0.108331
1.73329  4.39823 0.00611045 0.108331
1.73329  4.50295 0.00538144 0.108331
1.73329  4.60767 0.00463502 0.108331
1.73329  4.71239 0.00387835 0.108331
1.73329  4.81711 0.00311801 0.108331
1.73329  4.92183 0.00235979 0.108331
1.73329  5.02655 0.00160827 0.108331
1.73329  5.13127 0.000866231 0.108331
1.73329  5.23599 0.00013299 0.108331
1.73329  5.34071 0 0.108331
1.73329  5.44543 0 0.108331
1.73329  5.55015 0 0.108331
1.73329  5.65487 0 0.108331
1.73329  5.75959 0 0.108331
1.73329  5.86431 0 0.108331
1.73329  5.96903 0 0.108331
1.73329  6.07375 0 0.108331
1.73329  0 0 0.108331
1.84162  0 0 0.108331
1.84162  0.10472 0 0.108331
1.84162  0.20944 0 0.108331
1.84162  0.314159 0 0.108331
1.84162  0.418879 0 0.108331
1.84162  0.523599 0 0.108331
1.84162  0.628319 0 0.108331
1.84162  0.733038 0 0.108331
1.84162  0.837758 0 0.108331
1.84162  0.942478 0 0.108331
1.84162  1.0472 0.00022226 0.108331
1.84162  1.15192 0.00091785 0.108331
1.84162  1.25664 0.00162368 0.108331
1.84162  1.36136 0.00233944 0.108331
1.84162  1.46608 0.00306203 0.108331
1.84162  1.5708 0.00378687 0.108331
1.84162  1.67552 0.00450829 0.108331
1.84162  1.78024 0.00521996 0.108331
1.84162  1.88496 0.00591502 0.108331
1.84162  1.98968 0.00658648 0.108331
1.84162  2.0944 0.00722738 0.108331
1.84162  2.19911 0.00783085 0.108331
1.84162  2.30383 0.00839035 0.108331
1.84162  2.40855 0.00889973 0.108331
1.84162  2.51327 0.00935333 0.108331
1.84162  2.61799 0.00974611 0.108331
1.84162  2.72271 0.0100737 0.108331
1.84162  2.82743 0.0103323 0.108331
1.84162  2.93215 0.0105192 0.108331
1.84162  3.03687 0.0106322 0.108331
1.84162  3.14159 0.01067 0.108331
1.84162  3.24631 0.0106322 0.108331
1.84162  3.35103 0.0105192 0.108331
1.84162  3.45575 0.0103323 0.108331
1.84162  3.56047 0.0100737 0.108331
1.84162  3.66519 0.00974611 0.108331
1.84162  3.76991 0.00935333 0.108331
1.84162  3.87463 0.00889973 0.108331
1.84162  3.97935 0.00839035 0.108331
1.84162  4.08407 0.00783085 0.108331
1.84162  4.18879 0.00722738 0.108331
1.84162  4.29351 0.00658648 0.108331
1.84162  4.39823 0.00591502 0.108331
1.84162  4.50295 0.00521996 0.108331
1.84162  4.60767 0.00450829 0.108331
1.84162  4.71239 0.00378687 0.108331
1.84162  4.81711 0.00306203 0.108331
1.84162  4.92183 0.00233944 0.108331
1.84162  5.02655 0.00162368 0.108331
1.84162  5.13127 0.00091785 0.108331
1.84162  5.23599 0.00022226 0.108331
1.84162  5.34071 0 0.108331
1.84162  5.44543 0 0.108331
1.84162  5.55015 0 0.108331
1.84162  5.65487 0 0.108331
1.84162  5.75959 0 0.108331
1.84162  5.86431 0 0.108331
1.84162  5.96903 0 0.108331
1.84162  6.07375 0 0.108331
1.84162  0 0 0.108331
1.94995  0 0 0.108331
1.94995  0.10472 0 0.108331
1.94995  0.20944 0 0.108331
1.94995  0.314159 0 0.108331
1.94995  0.418879 0 0.108331
1.94995  0.523599 0 0.108331
1.94995  0.628319 0 0.108331
1.94995  0.733038 0 0.108331
1.94995  0.837758 0 0.108331
1.94995  0.942478 0 0.108331
1.94995  1.0472 0.000345523 0.108331
1.94995  1.15192 0.000987684 0.108331
1.94995  1.25664 0.00164167 0.108331
1.94995  1.36136 0.00230602 0.108331
1.94995  1.46608 0.00297732 0.108331
1.94995  1.5708 0.00365099 0.108331
1.94995  1.67552 0.00432161 0.108331
1.94995  1.78024 0.00498319 0.108331
1.94995  1.88496 0.00562931 0.108331
1.94995  1.98968 0.00625346 0.108331
1.94995  2.0944 0.00684917 0.108331
1.94995  2.19911 0.00741006 0.108331
1.94995  2.30383 0.00793005 0.108331
1.94995  2.40855 0.00840343 0.108331
1.94995  2.51327 0.00882497 0.108331
1.94995  2.61799 0.00918997 0.108331
1.94995  2.72271 0.00949436 0.108331
1.94995  2.82743 0.00973472 0.108331
1.94995  2.93215 0.00990837 0.108331
1.94995  3.03687 0.0100133 0.108331
1.94995  3.14159 0.0100485 0.108331
1.94995  3.24631 0.0100133 0.108331
1.94995  3.35103 0.00990837 0.108331
1.94995  3.45575 0.00973472 0.108331
1.94995  3.56047 0.00949436 0.108331
1.94995  3.66519 0.00918997 0.108331
1.94995  3.76991 0.00882497 0.108331
1.94995  3.87463 0.00840343 0.108331
1.94995  3.97935 0.00793005 0.108331
1.94995  4.08407 0.00741006 0.108331
1.94995  4.18879 0.00684917 0.108331
1.94995  4.29351 0.00625346 0.108331
1.94995  4.39823 0.00562931 0.108331
1.94995  4.50295 0.00498319 0.108331
1.94995  4.60767 0.00432161 0.108331
1.94995  4.71239 0.00365099 0.108331
1.94995  4.81711 0.00297732 0.108331
1.94995  4.92183 0.00230602 0.108331
1.94995  5.02655 0.00164167 0.108331
1.94995  5.13127 0.000987684 0.108331
1.94995  5.23599 0.000345523 0.108331
1.94995  5.34071 0 0.108331
1.94995  5.44543 0 0.108331
1.94995  5.55015 0 0.108331
1.94995  5.65487 0 0.108331
1.94995  5.75959 0 0.108331
1.94995  5.86431 0 0.108331
1.94995  5.96903 0 0.108331
1.94995  6.07375 0 0.108331
1.94995  0 0 0.108331
2.05829  0 0 0.108331
2.05829  0.10472 0 0.108331
2.05829  0.20944 0 0.108331
2.05829  0.314159 0 0.108331
2.05829  0.418879 0 0.108331
2.05829  0.523599 0 0.108331
2.05829  0.628319 0 0.108331
2.05829  0.733038 0 0.108331
2.05829  0.837758 0 0.108331
2.05829  0.942478 0 0.108331
2.05829  1.0472 0.00049105 0.108331
2.05829  1.15192 0.00106723 0.108331
2.05829  1.25664 0.00165646 0.108331
2.05829  1.36136 0.00225628 0.108331
2.05829  1.46608 0.00286306 0.108331
2.05829  1.5708 0.00347231 0.108331
2.05829  1.67552 0.00407894 0.108331
2.05829  1.78024 0.00467743 0.108331
2.05829  1.88496 0.0052619 0.108331
2.05829  1.98968 0.0058265 0.108331
2.05829  2.0944 0.00636531 0.108331
2.05829  2.19911 0.00687258 0.108331
2.05829  2.30383 0.00734283 0.108331
2.05829  2.40855 0.0077709 0.108331
2.05829  2.51327 0.00815207 0.108331
2.05829  2.61799 0.0084821 0.108331
2.05829  2.72271 0.00875732 0.108331
2.05829  2.82743 0.00897465 0.108331
2.05829  2.93215 0.00913165 0.108331
2.05829  3.03687 0.00922656 0.108331
2.05829  3.14159 0.00925832 0.108331
2.05829  3.24631 0.00922656 0.108331
2.05829  3.35103 0.00913165 0.108331
2.05829  3.45575 0.00897465 0.108331
2.05829  3.56047 0.00875732 0.108331
2.05829  3.66519 0.0084821 0.108331
2.05829  3.76991 0.00815207 0.108331
2.05829  3.87463 0.0077709 0.108331
2.05829  3.97935 0.00734283 0.108331
2.05829  4.08407 0.00687258 0.108331
2.05829  4.18879 0.00636531 0.108331
2.05829  4.29351 0.0058265 0.108331
2.05829  4.39823 0.0052619 0.108331
2.05829  4.50295 0.00467743 0.108331
2.05829  4.60767 0.00407894 0.108331
2.05829  4.71239 0.00347231 0.108331
2.05829  4.81711 0.00286306 0.108331
2.05829  4.92183 0.00225628 0.108331
2.05829  5.02655 0.00165646 0.108331
2.05829  5.13127 0.00106723 0.108331
2.05829  5.23599 0.00049105 0.108331
2.05829  5.34071 0 0.108331
2.05829  5.44543 0 0.108331
2.05829  5.55015 0 0.108331
2.05829  5.65487 0 0.108331
2.05829  5.75959 0 0.108331
2.05829  5.86431 0 0.108331
2.05829  5.96903 0 0.108331
2.05829  6.07375 0 0.108331
2.05829  0 0 0.108331
2.16662  0 0 0.108331
2.16662  0.10472 0 0.108331
2.16662  0.20944 0 0.108331
2.16662  0.314159 0 0.108331
2.16662  0.418879 0 0.108331
2.16662  0.523599 0 0.108331
2.16662  0.628319 0 0.108331
2.16662  0.733038 0 0.108331
2.16662  0.837758 0 0.108331
2.16662  0.942478 0.00015874 0.108331
2.16662  1.0472 0.000644721 0.108331
2.16662  1.15192 0.00114606 0.108331
2.16662  1.25664 0.00166092 0.108331
2.16662  1.36136 0.00218624 0.108331
2.16662  1.46608 0.00271832 0.108331
2.16662  1.5708 0.00325292 0.108331
2.16662  1.67552 0.00378537 0.108331
2.16662  1.78024 0.0043107 0.108331
2.16662  1.88496 0.00482374 0.108331
2.16662  1.98968 0.00531929 0.108331
2.16662  2.0944 0.00579214 0.108331
2.16662  2.19911 0.00623728 0.108331
2.16662  2.30383 0.0066499 0.108331
2.16662  2.40855 0.00702548 0.108331
2.16662  2.51327 0.00735988 0.108331
2.16662  2.61799 0.00764941 0.108331
2.16662  2.72271 0.00789085 0.108331
2.16662  2.82743 0.00808148 0.108331
2.16662  2.93215 0.0082192 0.108331
2.16662  3.03687 0.00830245 0.108331
2.16662  3.14159 0.00833031 0.108331
2.16662  3.24631 0.00830245 0.108331
2.16662  3.35103 0.0082192 0.108331
2.16662  3.45575 0.00808148 0.108331
2.16662  3.56047 0.00789085 0.108331
2.16662  3.66519 0.00764941 0.108331
2.16662  3.76991 0.00735988 0.108331
2.16662  3.87463 0.00702548 0.108331
2.16662  3.97935 0.0066499 0.108331
2.16662  4.08407 0.00623728 0.108331
2.16662  4.18879 0.00579214 0.108331
2.16662  4.29351 0.00531929 0.108331
2.16662  4.39823 0.00482374 0.108331
2.16662  4.50295 0.0043107 0.108331
2.16662  4.60767 0.00378537 0.108331
2.16662  4.71239 0.00325292 0.108331
2.16662  4.81711 0.00271832 0.108331
2.16662  4.92183 0.00218624 0.108331
2.16662  5.02655 0.00166092 0.108331
2.16662  5.13127 0.00114606 0.108331
2.16662  5.23599 0.000644721 0.108331
2.16662  5.34071 0.00015874 0.108331
2.16662  5.44543 0 0.108331
2.16662  5.55015 0 0.108331
2.16662  5.65487 0 0.108331
2.16662  5.75959 0 0.108331
2.16662  5.86431 0 0.108331
2.16662  5.96903 0 0.108331
2.16662  6.07375 0 0.108331
2.16662  0 0 0.108331
2.27495  0 0 0.108331
2.27495  0.10472 0 0.108331
2.27495  0.20944 0 0.108331
2.27495  0.314159 0 0.108331
2.27495  0.418879 0 0.108331
2.27495  0.523599 0 0.108331
2.27495  0.628319 0 0.108331
2.27495  0.733038 0 0.108331
2.27495  0.837758 0 0.108331
2.27495  0.942478 0.000385347 0.108331
2.27495  1.0472 0.000790983 0.108331
2.27495  1.15192 0.00121244 0.108331
2.27495  1.25664 0.001647 0.108331
2.27495  1.36136 0.00209143 0.108331
2.27495  1.46608 0.00254218 0.108331
2.27495  1.5708 0.00299539 0.108331
2.27495  1.67552 0.00344692 0.108331
2.27495  1.78024 0.00389246 0.108331
2.27495  1.88496 0.00432758 0.108331
2.27495  1.98968 0.00474783 0.108331
2.27495  2.0944 0.00514877 0.108331
2.27495  2.19911 0.00552619 0.108331
2.27495  2.30383 0.00587599 0.108331
2.27495  2.40855 0.00619436 0.108331
2.27495  2.51327 0.0064778 0.108331
2.27495  2.61799 0.00672319 0.108331
2.27495  2.72271 0.00692781 0.108331
2.27495  2.82743 0.00708937 0.108331
2.27495  2.93215 0.00720607 0.108331
2.27495  3.03687 0.00727663 0.108331
2.27495  3.14159 0.00730023 0.108331
2.27495  3.24631 0.00727663 0.108331
2.27495  3.35103 0.00720607 0.108331
2.27495  3.45575 0.00708937 0.108331
2.27495  3.56047 0.00692781 0.108331
2.27495  3.66519 0.00672319 0.108331
2.27495  3.76991 0.0064778 0.108331
2.27495  3.87463 0.00619436 0.108331
2.27495  3.97935 0.00587599 0.108331
2.27495  4.08407 0.00552619 0.108331
2.27495  4.18879 0.00514877 0.108331
2.27495  4.29351 0.00474783 0.108331
2.27495  4.39823 0.00432758 0.108331
2.27495  4.50295 0.00389246 0.108331
2.27495  4.60767 0.00344692 0.108331
2.27495  4.71239 0.00299539 0.108331
2.27495  4.81711 0.00254218 0.108331
2.27495  4.92183 0.00209143 0.108331
2.27495  5.02655 0.001647 0.108331
2.27495  5.13127 0.00121244 0.108331
2.27495  5.23599 0.000790983 0.108331
2.27495  5.34071 0.000385347 0.108331
2.27495  5.44543 0 0.108331
2.27495  5.55015 0 0.108331
2.27495  5.65487 0 0.108331
2.27495  5.75959 0 0.108331
2.27495  5.86431 0 0.108331
2.27495  5.96903 0 0.108331
2.27495  6.07375 0 0.108331
2.27495  0 0 0.108331
2.38328  0 0 0.108331
2.38328  0.10472 0 0.108331
2.38328  0.20944 0 0.108331
2.38328  0.314159 0 0.108331
2.38328  0.418879 0 0.108331
2.38328  0.523599 0 0.108331
2.38328  0.628319 0 0.108331
2.38328  0.733038 0 0.108331
2.38328  0.837758 0.000279964 0.108331
2.38328  0.942478 0.000588194 0.108331
2.38328  1.0472 0.000913775 0.108331
2.38328  1.15192 0.00125409 0.108331
2.38328  1.25664 0.00160625 0.108331
2.38328  1.36136 0.00196724 0.108331
2.38328  1.46608 0.00233385 0.108331
2.38328  1.5708 0.00270274 0.108331
2.38328  1.67552 0.0030704 0.108331
2.38328  1.78024 0.00343323 0.108331
2.38328  1.88496 0.00378759 0.108331
2.38328  1.98968 0.00412978 0.108331
2.38328  2.0944 0.00445625 0.108331
2.38328  2.19911 0.00476351 0.108331
2.38328  2.30383 0.00504825 0.108331
2.38328  2.40855 0.00530738 0.108331
2.38328  2.51327 0.00553806 0.108331
2.38328  2.61799 0.00573775 0.108331
2.38328  2.72271 0.00590425 0.108331
2.38328  2.82743 0.00603571 0.108331
2.38328  2.93215 0.00613067 0.108331
2.38328  3.03687 0.00618807 0.108331
2.38328  3.14159 0.00620727 0.108331
2.38328  3.24631 0.00618807 0.108331
2.38328  3.35103 0.00613067 0.108331
2.38328  3.45575 0.00603571 0.108331
2.38328  3.56047 0.00590425 0.108331
2.38328  3.66519 0.00573775 0.108331
2.38328  3.76991 0.00553806 0.108331
2.38328  3.87463 0.00530738 0.108331
2.38328  3.97935 0.00504825 0.108331
2.38328  4.08407 0.00476351 0.108331
2.38328  4.18879 0.00445625 0.108331
2.38328  4.29351 0.00412978 0.108331
2.38328  4.39823 0.00378759 0.108331
2.38328  4.50295 0.00343323 0.108331
2.38328  4.60767 0.0030704 0.108331
2.38328  4.71239 0.00270274 0.108331
2.38328  4.81711 0.00233385 0.108331
2.38328  4.92183 0.00196724 0.108331
2.38328  5.02655 0.00160625 0.108331
2.38328  5.13127 0.00125409 0.108331
2.38328  5.23599 0.000913775 0.108331
2.38328  5.34071 0.000588194 0.108331
2.38328  5.44543 0.000279964 0.108331
2.38328  5.55015 0 0.108331
2.38328  5.65487 0 0.108331
2.38328  5.75959 0 0.108331
2.38328  5.86431 0 0.108331
2.38328  5.96903 0 0.108331
2.38328  6.07375 0 0.108331
2.38328  0 0 0.108331
2.49161  0 0 0.108331
2.49161  0.10472 0 0.108331
2.49161  0.20944 0 0.108331
2.49161  0.314159 0 0.108331
2.49161  0.418879 0 0.108331
2.49161  0.523599 0 0.108331
2.49161  0.628319 0.000100638 0.108331
2.49161  0.733038 0.000297455 0.108331
2.49161  0.837758 0.000514154 0.108331
2.49161  0.942478 0.000748223 0.108331
2.49161  1.0472 0.00099727 0.108331
2.49161  1.15192 0.0012588 0.108331
2.49161  1.25664 0.00153031 0.108331
2.49161  1.36136 0.0018092 0.108331
2.49161  1.46608 0.00209281 0.108331
2.49161  1.5708 0.00237841 0.108331
2.49161  1.67552 0.00266317 0.108331
2.49161  1.78024 0.00294423 0.108331
2.49161  1.88496 0.00321874 0.108331
2.49161  1.98968 0.00348381 0.108331
2.49161  2.0944 0.00373668 0.108331
2.49161  2.19911 0.00397462 0.108331
2.49161  2.30383 0.00419511 0.108331
2.49161  2.40855 0.00439573 0.108331
2.49161  2.51327 0.00457431 0.108331
2.49161  2.61799 0.00472889 0.108331
2.49161  2.72271 0.00485776 0.108331
2.49161  2.82743 0.00495951 0.108331
2.49161  2.93215 0.005033 0.108331
2.49161  3.03687 0.00507742 0.108331
2.49161  3.14159 0.00509229 0.108331
2.49161  3.24631 0.00507742 0.108331
2.49161  3.35103 0.005033 0.108331
2.49161  3.45575 0.00495951 0.108331
2.49161  3.56047 0.00485776 0.108331
2.49161  3.66519 0.00472889 0.108331
2.49161  3.76991 0.00457431 0.108331
2.49161  3.87463 0.00439573 0.108331
2.49161  3.97935 0.00419511 0.108331
2.49161  4.08407 0.00397462 0.108331
2.49161  4.18879 0.00373668 0.108331
2.49161  4.29351 0.00348381 0.108331
2.49161  4.39823 0.00321874 0.108331
2.49161  4.50295 0.00294423 0.108331
2.49161  4.60767 0.00266317 0.108331
2.49161  4.71239 0.00237841 0.108331
2.49161  4.81711 0.00209281 0.108331
2.49161  4.92183 0.0018092 0.108331
2.49161  5.02655 0.00153031 0.108331
2.49161  5.13127 0.0012588 0.108331
2.49161  5.23599 0.00099727 0.108331
2.49161  5.34071 0.000748223 0.108331
2.49161  5.44543 0.000514154 0.108331
2.49161  5.55015 0.000297455 0.108331
2.49161  5.65487 0.000100638 0.108331
2.49161  5.75959 0 0.108331
2.49161  5.86431 0 0.108331
2.49161  5.96903 0 0.108331
2.49161  6.07375 0 0.108331
2.49161  0 0 0.108331
2.59994  0 0 0.108331
2.59994  0.10472 0 0.108331
2.59994  0.20944 2.29565e-05 0.108331
2.59994  0.314159 8.26519e-05 0.108331
2.59994  0.418879 0.000164479 0.108331
2.59994  0.523599 0.00026692 0.108331
2.59994  0.628319 0.000388271 0.108331
2.59994  0.733038 0.000526742 0.108331
2.59994  0.837758 0.000680536 0.108331
2.59994  0.942478 0.000847807 0.108331
2.59994  1.0472 0.00102666 0.108331
2.59994  1.15192 0.00121518 0.108331
2.59994  1.25664 0.00141141 0.108331
2.59994  1.36136 0.00161335 0.108331
2.59994  1.46608 0.00181897 0.108331
2.59994  1.5708 0.00202619 0.108331
2.59994  1.67552 0.00223289 0.108331
2.59994  1.78024 0.00243695 0.108331
2.59994  1.88496 0.00263626 0.108331
2.59994  1.98968 0.00282872 0.108331
2.59994  2.0944 0.00301228 0.108331
2.59994  2.19911 0.00318502 0.108331
2.59994  2.30383 0.00334504 0.108331
2.59994  2.40855 0.00349063 0.108331
2.59994  2.51327 0.00362022 0.108331
2.59994  2.61799 0.00373237 0.108331
2.59994  2.72271 0.00382586 0.108331
2.59994  2.82743 0.00389967 0.108331
2.59994  2.93215 0.00395298 0.108331
2.59994  3.03687 0.0039852 0.108331
2.59994  3.14159 0.00399598 0.108331
2.59994  3.24631 0.0039852 0.108331
2.59994  3.35103 0.00395298 0.108331
2.59994  3.45575 0.00389967 0.108331
2.59994  3.56047 0.00382586 0.108331
2.59994  3.66519 0.00373237 0.108331
2.59994  3.76991 0.00362022 0.108331
2.59994  3.87463 0.00349063 0.108331
2.59994  3.97935 0.00334504 0.108331
2.59994  4.08407 0.00318502 0.108331
2.59994  4.18879 0.00301228 0.108331
2.59994  4.29351 0.00282872 0.108331
2.59994  4.39823 0.00263626 0.108331
2.59994  4.50295 0.00243695 0.108331
2.59994  4.60767 0.00223289 0.108331
2.59994  4.71239 0.00202619 0.108331
2.59994  4.81711 0.00181897 0.108331
2.59994  4.92183 0.00161335 0.108331
2.59994  5.02655 0.00141141 0.108331
2.59994  5.13127 0.00121518 0.108331
2.59994  5.23599 0.00102666 0.108331
2.59994  5.34071 0.000847807 0.108331
2.59994  5.44543 0.000680536 0.108331
2.59994  5.55015 0.000526742 0.108331
2.59994  5.65487 0.000388271 0.108331
2.59994  5.75959 0.00026692 0.108331
2.59994  5.86431 0.000164479 0.108331
2.59994  5.96903 8.26519e-05 0.108331
2.59994  6.07375 2.29565e-05 0.108331
2.59994  0 0 0.108331
2.70827  0 0.000306871 0.108331
2.70827  0.10472 0.000314563 0.108331
2.70827  0.20944 0.000337513 0.108331
2.70827  0.314159 0.000375353 0.108331
2.70827  0.418879 0.000427494 0.108331
2.70827  0.523599 0.00049317 0.108331
2.70827  0.628319 0.000571471 0.108331
2.70827  0.733038 0.000661354 0.108331
2.70827  0.837758 0.000761694 0.108331
2.70827  0.942478 0.000871293 0.108331
2.70827  1.0472 0.000988898 0.108331
2.70827  1.15192 0.00111321 0.108331
2.70827  1.25664 0.00124288 0.108331
2.70827  1.36136 0.00137655 0.108331
2.70827  1.46608 0.0015128 0.108331
2.70827  1.5708 0.00165021 0.108331
2.70827  1.67552 0.00178735 0.108331
2.70827  1.78024 0.00192277 0.108331
2.70827  1.88496 0.00205504 0.108331
2.70827  1.98968 0.00218278 0.108331
2.70827  2.0944 0.00230461 0.108331
2.70827  2.19911 0.00241922 0.108331
2.70827  2.30383 0.0025254 0.108331
2.70827  2.40855 0.002622 0.108331
2.70827  2.51327 0.00270795 0.108331
2.70827  2.61799 0.00278233 0.108331
2.70827  2.72271 0.00284434 0.108331
2.70827  2.82743 0.00289329 0.108331
2.70827  2.93215 0.00292864 0.108331
2.70827  3.03687 0.00295 0.108331
2.70827  3.14159 0.00295715 0.108331
2.70827  3.24631 0.00295 0.108331
2.70827  3.35103 0.00292864 0.108331
2.70827  3.45575 0.00289329 0.108331
2.70827  3.56047 0.00284434 0.108331
2.70827  3.66519 0.00278233 0.108331
2.70827  3.76991 0.00270795 0.108331
2.70827  3.87463 0.002622 0.108331
2.70827  3.97935 0.0025254 0.108331
2.70827  4.08407 0.00241922 0.108331
2.70827  4.18879 0.00230461 0.108331
2.70827  4.29351 0.00218278 0.108331
2.70827  4.39823 0.00205504 0.108331
2.70827  4.50295 0.00192277 0.108331
2.70827  4.60767 0.00178735 0.108331
2.70827  4.71239 0.00165021 0.108331
2.70827  4.81711 0.0015128 0.108331
2.70827  4.92183 0.00137655 0.108331
2.70827  5.02655 0.00124288 0.108331
2.70827  5.13127 0.00111321 0.108331
2.70827  5.23599 0.000988898 0.108331
2.70827  5.34071 0.000871293 0.108331
2.70827  5.44543 0.000761694 0.108331
2.70827  5.55015 0.000661354 0.108331
2.70827  5.65487 0.000571471 0.108331
2.70827  5.75959 0.00049317 0.108331
2.70827  5.86431 0.000427494 0.108331
2.70827  5.96903 0.000375353 0.108331
2.70827  6.07375 0.000337513 0.108331
2.70827  0 0 0.108331
2.8166  0 0.000485017 0.108331
2.8166  0.10472 0.000489331 0.108331
2.8166  0.20944 0.000502219 0.108331
2.8166  0.314159 0.000523507 0.108331
2.8166  0.418879 0.000552921 0.108331
2.8166  0.523599 0.000590081 0.108331
2.8166  0.628319 0.000634524 0.108331
2.8166  0.733038 0.000685707 0.108331
2.8166  0.837758 0.00074302 0.108331
2.8166  0.942478 0.000805798 0.108331
2.8166  1.0472 0.000873328 0.108331
2.8166  1.15192 0.000944857 0.108331
2.8166  1.25664 0.0010196 0.108331
2.8166  1.36136 0.00109674 0.108331
2.8166  1.46608 0.00117545 0.108331
2.8166  1.5708 0.00125489 0.108331
2.8166  1.67552 0.00133421 0.108331
2.8166  1.78024 0.00141256 0.108331
2.8166  1.88496 0.0014891 0.108331
2.8166  1.98968 0.00156302 0.108331
2.8166  2.0944 0.00163352 0.108331
2.8166  2.19911 0.00169986 0.108331
2.8166  2.30383 0.0017613 0.108331
2.8166  2.40855 0.00181718 0.108331
2.8166  2.51327 0.0018669 0.108331
2.8166  2.61799 0.00190993 0.108331
2.8166  2.72271 0.0019458 0.108331
2.8166  2.82743 0.00197411 0.108331
2.8166  2.93215 0.00199455 0.108331
2.8166  3.03687 0.00200691 0.108331
2.8166  3.14159 0.00201104 0.108331
2.8166  3.24631 0.00200691 0.108331
2.8166  3.35103 0.00199455 0.108331
2.8166  3.45575 0.00197411 0.108331
2.8166  3.56047 0.0019458 0.108331
2.8166  3.66519 0.00190993 0.108331
2.8166  3.76991 0.0018669 0.108331
2.8166  3.87463 0.00181718 0.108331
2.8166  3.97935 0.0017613 0.108331
2.8166  4.08407 0.00169986 0.108331
2.8166  4.18879 0.00163352 0.108331
2.8166  4.29351 0.00156302 0.108331
2.8166  4.39823 0.0014891 0.108331
2.8166  4.50295 0.00141256 0.108331
2.8166  4.60767 0.00133421 0.108331
2.8166  4.71239 0.00125489 0.108331
2.8166  4.81711 0.00117545 0.108331
2.8166  4.92183 0.00109674 0.108331
2.8166  5.02655 0.0010196 0.108331
2.8166  5.13127 0.000944857 0.108331
2.8166  5.23599 0.000873328 0.108331
2.8166  5.34071 0.000805798 0.108331
2.8166  5.44543 0.00074302 0.108331
2.8166  5.55015 0.000685707 0.108331
2.8166  5.65487 0.000634524 0.108331
2.8166  5.75959 0.000590081 0.108331
2.8166  5.86431 0.000552921 0.108331
2.8166  5.96903 0.000523507 0.108331
2.8166  6.07375 0.000502219 0.108331
2.8166  0 0 0.108331
2.92493  0 0.000498094 0.108331
2.92493  0.10472 0.000500014 0.108331
2.92493  0.20944 0.000505751 0.108331
2.92493  0.314159 0.000515235 0.108331
2.92493  0.418879 0.000528356 0.108331
2.92493  0.523599 0.00054496 0.108331
2.92493  0.628319 0.000564852 0.108331
2.92493  0.733038 0.000587802 0.108331
2.92493  0.837758 0.00061355 0.108331
2.92493  0.942478 0.000641802 0.108331
2.92493  1.0472 0.000672242 0.108331
2.92493  1.15192 0.000704531 0.108331
2.92493  1.25664 0.000738313 0.108331
2.92493  1.36136 0.000773217 0.108331
2.92493  1.46608 0.000808861 0.108331
2.92493  1.5708 0.000844858 0.108331
2.92493  1.67552 0.000880819 0.108331
2.92493  1.78024 0.000916353 0.108331
2.92493  1.88496 0.000951076 0.108331
2.92493  1.98968 0.000984614 0.108331
2.92493  2.0944 0.0010166 0.108331
2.92493  2.19911 0.0010467 0.108331
2.92493  2.30383 0.00107458 0.108331
2.92493  2.40855 0.00109994 0.108331
2.92493  2.51327 0.0011225 0.108331
2.92493  2.61799 0.00114202 0.108331
2.92493  2.72271 0.0011583 0.108331
2.92493  2.82743 0.00117114 0.108331
2.92493  2.93215 0.00118041 0.108331
2.92493  3.03687 0.00118602 0.108331
2.92493  3.14159 0.00118789 0.108331
2.92493  3.24631 0.00118602 0.108331
2.92493  3.35103 0.00118041 0.108331
2.92493  3.45575 0.00117114 0.108331
2.92493  3.56047 0.0011583 0.108331
2.92493  3.66519 0.00114202 0.108331
2.92493  3.76991 0.0011225 0.108331
2.92493  3.87463 0.00109994 0.108331
2.92493  3.97935 0.00107458 0.108331
2.92493  4.08407 0.0010467 0.108331
2.92493  4.18879 0.0010166 0.108331
2.92493  4.29351 0.000984614 0.108331
2.92493  4.39823 0.000951076 0.108331
2.92493  4.50295 0.000916353 0.108331
2.92493  4.60767 0.000880819 0.108331
2.92493  4.71239 0.000844858 0.108331
2.92493  4.81711 0.000808861 0.108331
2.92493  4.92183 0.000773217 0.108331
2.92493  5.02655 0.000738313 0.108331
2.92493  5.13127 0.000704531 0.108331
2.92493  5.23599 0.000672242 0.108331
2.92493  5.34071 0.000641802 0.108331
2.92493  5.44543 0.00061355 0.108331
2.92493  5.55015 0.000587802 0.108331
2.92493  5.65487 0.000564852 0.108331
2.92493  5.75959 0.00054496 0.108331
2.92493  5.86431 0.000528356 0.108331
2.92493  5.96903 0.000515235 0.108331
2.92493  6.07375 0.000505751 0.108331
2.92493  0 0 0.108331
3.03326  0 0.000337589 0.108331
3.03326  0.10472 0.000338069 0.108331
3.03326  0.20944 0.000339504 0.108331
3.03326  0.314159 0.000341878 0.108331
3.03326  0.418879 0.000345164 0.108331
3.03326  0.523599 0.000349325 0.108331
3.03326  0.628319 0.000354315 0.108331
3.03326  0.733038 0.000360078 0.108331
3.03326  0.837758 0.00036655 0.108331
3.03326  0.942478 0.000373659 0.108331
3.03326  1.0472 0.000381327 0.108331
3.03326  1.15192 0.000389467 0.108331
3.03326  1.25664 0.000397992 0.108331
3.03326  1.36136 0.000406807 0.108331
3.03326  1.46608 0.000415816 0.108331
3.03326  1.5708 0.000424919 0.108331
3.03326  1.67552 0.000434018 0.108331
3.03326  1.78024 0.000443012 0.108331
3.03326  1.88496 0.000451805 0.108331
3.03326  1.98968 0.000460299 0.108331
3.03326  2.0944 0.000468403 0.108331
3.03326  2.19911 0.000476029 0.108331
3.03326  2.30383 0.000483093 0.108331
3.03326  2.40855 0.000489518 0.108331
3.03326  2.51327 0.000495236 0.108331
3.03326  2.61799 0.000500183 0.108331
3.03326  2.72271 0.000504306 0.108331
3.03326  2.82743 0.000507561 0.108331
3.03326  2.93215 0.000509911 0.108331
3.03326  3.03687 0.000511331 0.108331
3.03326  3.14159 0.000511807 0.108331
3.03326  3.24631 0.000511331 0.108331
3.03326  3.35103 0.000509911 0.108331
3.03326  3.45575 0.000507561 0.108331
3.03326  3.56047 0.000504306 0.108331
3.03326  3.66519 0.000500183 0.108331
3.03326  3.76991 0.000495236 0.108331
3.03326  3.87463 0.000489518 0.108331
3.03326  3.97935 0.000483093 0.108331
3.03326  4.08407 0.000476029 0.108331
3.03326  4.18879 0.000468403 0.108331
3.03326  4.29351 0.000460299 0.108331
3.03326  4.39823 0.000451805 0.108331
3.03326  4.50295 0.000443012 0.108331
3.03326  4.60767 0.000434018 0.108331
3.03326  4.71239 0.000424919 0.108331
3.03326  4.81711 0.000415816 0.108331
3.03326  4.92183 0.000406807 0.108331
3.03326  5.02655 0.000397992 0.108331
3.03326  5.13127 0.000389467 0.108331
3.03326  5.23599 0.000381327 0.108331
3.03326  5.34071 0.000373659 0.108331
3.03326  5.44543 0.00036655 0.108331
3.03326  5.55015 0.000360078 0.108331
3.03326  5.65487 0.000354315 0.108331
3.03326  5.75959 0.000349325 0.108331
3.03326  5.86431 0.000345164 0.108331
3.03326  5.96903 0.000341878 0.108331
3.03326  6.07375 0.000339504 0.108331
3.03326  0 0 0.108331
3.14159  0 -1.96506e-09 0.108331
3.14159  0.10472 -1.96506e-09 0.108331
3.14159  0.20944 -1.96506e-09 0.108331
3.14159  0.314159 -1.96506e-09 0.108331
3.14159  0.418879 -1.96506e-09 0.108331
3.14159  0.523599 -1.96506e-09 0.108331
3.14159  0.628319 -1.96506e-09 0.108331
3.14159  0.733038 -1.96506e-09 0.108331
3.14159  0.837758 -1.96506e-09 0.108331
3.14159  0.942478 -1.96506e-09 0.108331
3.14159  1.0472 -1.96506e-09 0.108331
3.14159  1.15192 -1.96506e-09 0.108331
3.14159  1.25664 -1.96506e-09 0.108331
3.14159  1.36136 -1.96506e-09 0.108331
3.14159  1.46608 -1.96506e-09 0.108331
3.14159  1.5708 -1.96506e-09 0.108331
3.14159  1.67552 -1.96506e-09 0.108331
3.14159  1.78024 -1.96506e-09 0.108331
3.14159  1.88496 -1.96506e-09 0.108331
3.14159  1.98968 -1.96506e-09 0.108331
3.14159  2.0944 -1.96506e-09 0.108331
3.14159  2.19911 -1.96506e-09 0.108331
3.14159  2.30383 -1.96506e-09 0.108331
3.14159  2.40855 -1.96506e-09 0.108331
3.14159  2.51327 -1.96506e-09 0.108331
3.14159  2.61799 -1.96506e-09 0.108331
3.14159  2.72271 -1.96506e-09 0.108331
3.14159  2.82743 -1.96506e-09 0.108331
3.14159  2.93215 -1.96506e-09 0.108331
3.14159  3.03687 -1.96506e-09 0.108331
3.14159  3.14159 -1.96506e-09 0.108331
3.14159  3.24631 -1.96506e-09 0.108331
3.14159  3.35103 -1.96506e-09 0.108331
3.14159  3.45575 -1.96506e-09 0.108331
3.14159  3.56047 -1.96506e-09 0.108331
3.14159  3.66519 -1.96506e-09 0.108331
3.14159  3.76991 -1.96506e-09 0.108331
3.14159  3.87463 -1.96506e-09 0.108331
3.14159  3.97935 -1.96506e-09 0.108331
3.14159  4.08407 -1.96506e-09 0.108331
3.14159  4.18879 -1.96506e-09 0.108331
3.14159  4.29351 -1.96506e-09 0.108331
3.14159  4.39823 -1.96506e-09 0.108331
3.14159  4.50295 -1.96506e-09 0.108331
3.14159  4.60767 -1.96506e-09 0.108331
3.14159  4.71239 -1.96506e-09 0.108331
3.14159  4.81711 -1.96506e-09 0.108331
3.14159  4.92183 -1.96506e-09 0.108331
3.14159  5.02655 -1.96506e-09 0.108331
3.14159  5.13127 -1.96506e-09 0.108331
3.14159  5.23599 -1.96506e-09 0.108331
3.14159  5.34071 -1.96506e-09 0.108331
3.14159  5.44543 -1.96506e-09 0.108331
3.14159  5.55015 -1.96506e-09 0.108331
3.14159  5.65487 -1.96506e-09 0.108331
3.14159  5.75959 -1.96506e-09 0.108331
3.14159  5.86431 -1.96506e-09 0.108331
3.14159  5.96903 -1.96506e-09 0.108331
3.14159  6.07375 -1.96506e-09 0.108331
3.14159  0 0 0.108331
