theta phi 
1e-06  0
1e-06  0.106495
1e-06  0.212989
1e-06  0.319484
1e-06  0.425979
1e-06  0.532473
1e-06  0.638968
1e-06  0.745463
1e-06  0.851957
1e-06  0.958452
1e-06  1.06495
1e-06  1.17144
1e-06  1.27794
1e-06  1.38443
1e-06  1.49093
1e-06  1.59742
1e-06  1.70391
1e-06  1.81041
1e-06  1.9169
1e-06  2.0234
1e-06  2.12989
1e-06  2.23639
1e-06  2.34288
1e-06  2.44938
1e-06  2.55587
1e-06  2.66237
1e-06  2.76886
1e-06  2.87536
1e-06  2.98185
1e-06  3.08835
1e-06  3.19484
1e-06  3.30133
1e-06  3.40783
1e-06  3.51432
1e-06  3.62082
1e-06  3.72731
1e-06  3.83381
1e-06  3.9403
1e-06  4.0468
1e-06  4.15329
1e-06  4.25979
1e-06  4.36628
1e-06  4.47278
1e-06  4.57927
1e-06  4.68577
1e-06  4.79226
1e-06  4.89875
1e-06  5.00525
1e-06  5.11174
1e-06  5.21824
1e-06  5.32473
1e-06  5.43123
1e-06  5.53772
1e-06  5.64422
1e-06  5.75071
1e-06  5.85721
1e-06  5.9637
1e-06  6.0702
1e-06  6.17669
0.108332  0
0.108332  0.106495
0.108332  0.212989
0.108332  0.319484
0.108332  0.425979
0.108332  0.532473
0.108332  0.638968
0.108332  0.745463
0.108332  0.851957
0.108332  0.958452
0.108332  1.06495
0.108332  1.17144
0.108332  1.27794
0.108332  1.38443
0.108332  1.49093
0.108332  1.59742
0.108332  1.70391
0.108332  1.81041
0.108332  1.9169
0.108332  2.0234
0.108332  2.12989
0.108332  2.23639
0.108332  2.34288
0.108332  2.44938
0.108332  2.55587
0.108332  2.66237
0.108332  2.76886
0.108332  2.87536
0.108332  2.98185
0.108332  3.08835
0.108332  3.19484
0.108332  3.30133
0.108332  3.40783
0.108332  3.51432
0.108332  3.62082
0.108332  3.72731
0.108332  3.83381
0.108332  3.9403
0.108332  4.0468
0.108332  4.15329
0.108332  4.25979
0.108332  4.36628
0.108332  4.47278
0.108332  4.57927
0.108332  4.68577
0.108332  4.79226
0.108332  4.89875
0.108332  5.00525
0.108332  5.11174
0.108332  5.21824
0.108332  5.32473
0.108332  5.43123
0.108332  5.53772
0.108332  5.64422
0.108332  5.75071
0.108332  5.85721
0.108332  5.9637
0.108332  6.0702
0.108332  6.17669
0.216662  0
0.216662  0.106495
0.216662  0.212989
0.216662  0.319484
0.216662  0.425979
0.216662  0.532473
0.216662  0.638968
0.216662  0.745463
0.216662  0.851957
0.216662  0.958452
0.216662  1.06495
0.216662  1.17144
0.216662  1.27794
0.216662  1.38443
0.216662  1.49093
0.216662  1.59742
0.216662  1.70391
0.216662  1.81041
0.216662  1.9169
0.216662  2.0234
0.216662  2.12989
0.216662  2.23639
0.216662  2.34288
0.216662  2.44938
0.216662  2.55587
0.216662  2.66237
0.216662  2.76886
0.216662  2.87536
0.216662  2.98185
0.216662  3.08835
0.216662  3.19484
0.216662  3.30133
0.216662  3.40783
0.216662  3.51432
0.216662  3.62082
0.216662  3.72731
0.216662  3.83381
0.216662  3.9403
0.216662  4.0468
0.216662  4.15329
0.216662  4.25979
0.216662  4.36628
0.216662  4.47278
0.216662  4.57927
0.216662  4.68577
0.216662  4.79226
0.216662  4.89875
0.216662  5.00525
0.216662  5.11174
0.216662  5.21824
0.216662  5.32473
0.216662  5.43123
0.216662  5.53772
0.216662  5.64422
0.216662  5.75071
0.216662  5.85721
0.216662  5.9637
0.216662  6.0702
0.216662  6.17669
0.324993  0
0.324993  0.106495
0.324993  0.212989
0.324993  0.319484
0.324993  0.425979
0.324993  0.532473
0.324993  0.638968
0.324993  0.745463
0.324993  0.851957
0.324993  0.958452
0.324993  1.06495
0.324993  1.17144
0.324993  1.27794
0.324993  1.38443
0.324993  1.49093
0.324993  1.59742
0.324993  1.70391
0.324993  1.81041
0.324993  1.9169
0.324993  2.0234
0.324993  2.12989
0.324993  2.23639
0.324993  2.34288
0.324993  2.44938
0.324993  2.55587
0.324993  2.66237
0.324993  2.76886
0.324993  2.87536
0.324993  2.98185
0.324993  3.08835
0.324993  3.19484
0.324993  3.30133
0.324993  3.40783
0.324993  3.51432
0.324993  3.62082
0.324993  3.72731
0.324993  3.83381
0.324993  3.9403
0.324993  4.0468
0.324993  4.15329
0.324993  4.25979
0.324993  4.36628
0.324993  4.47278
0.324993  4.57927
0.324993  4.68577
0.324993  4.79226
0.324993  4.89875
0.324993  5.00525
0.324993  5.11174
0.324993  5.21824
0.324993  5.32473
0.324993  5.43123
0.324993  5.53772
0.324993  5.64422
0.324993  5.75071
0.324993  5.85721
0.324993  5.9637
0.324993  6.0702
0.324993  6.17669
0.433324  0
0.433324  0.106495
0.433324  0.212989
0.433324  0.319484
0.433324  0.425979
0.433324  0.532473
0.433324  0.638968
0.433324  0.745463
0.433324  0.851957
0.433324  0.958452
0.433324  1.06495
0.433324  1.17144
0.433324  1.27794
0.433324  1.38443
0.433324  1.49093
0.433324  1.59742
0.433324  1.70391
0.433324  1.81041
0.433324  1.9169
0.433324  2.0234
0.433324  2.12989
0.433324  2.23639
0.433324  2.34288
0.433324  2.44938
0.433324  2.55587
0.433324  2.66237
0.433324  2.76886
0.433324  2.87536
0.433324  2.98185
0.433324  3.08835
0.433324  3.19484
0.433324  3.30133
0.433324  3.40783
0.433324  3.51432
0.433324  3.62082
0.433324  3.72731
0.433324  3.83381
0.433324  3.9403
0.433324  4.0468
0.433324  4.15329
0.433324  4.25979
0.433324  4.36628
0.433324  4.47278
0.433324  4.57927
0.433324  4.68577
0.433324  4.79226
0.433324  4.89875
0.433324  5.00525
0.433324  5.11174
0.433324  5.21824
0.433324  5.32473
0.433324  5.43123
0.433324  5.53772
0.433324  5.64422
0.433324  5.75071
0.433324  5.85721
0.433324  5.9637
0.433324  6.0702
0.433324  6.17669
0.541655  0
0.541655  0.106495
0.541655  0.212989
0.541655  0.319484
0.541655  0.425979
0.541655  0.532473
0.541655  0.638968
0.541655  0.745463
0.541655  0.851957
0.541655  0.958452
0.541655  1.06495
0.541655  1.17144
0.541655  1.27794
0.541655  1.38443
0.541655  1.49093
0.541655  1.59742
0.541655  1.70391
0.541655  1.81041
0.541655  1.9169
0.541655  2.0234
0.541655  2.12989
0.541655  2.23639
0.541655  2.34288
0.541655  2.44938
0.541655  2.55587
0.541655  2.66237
0.541655  2.76886
0.541655  2.87536
0.541655  2.98185
0.541655  3.08835
0.541655  3.19484
0.541655  3.30133
0.541655  3.40783
0.541655  3.51432
0.541655  3.62082
0.541655  3.72731
0.541655  3.83381
0.541655  3.9403
0.541655  4.0468
0.541655  4.15329
0.541655  4.25979
0.541655  4.36628
0.541655  4.47278
0.541655  4.57927
0.541655  4.68577
0.541655  4.79226
0.541655  4.89875
0.541655  5.00525
0.541655  5.11174
0.541655  5.21824
0.541655  5.32473
0.541655  5.43123
0.541655  5.53772
0.541655  5.64422
0.541655  5.75071
0.541655  5.85721
0.541655  5.9637
0.541655  6.0702
0.541655  6.17669
0.649985  0
0.649985  0.106495
0.649985  0.212989
0.649985  0.319484
0.649985  0.425979
0.649985  0.532473
0.649985  0.638968
0.649985  0.745463
0.649985  0.851957
0.649985  0.958452
0.649985  1.06495
0.649985  1.17144
0.649985  1.27794
0.649985  1.38443
0.649985  1.49093
0.649985  1.59742
0.649985  1.70391
0.649985  1.81041
0.649985  1.9169
0.649985  2.0234
0.649985  2.12989
0.649985  2.23639
0.649985  2.34288
0.649985  2.44938
0.649985  2.55587
0.649985  2.66237
0.649985  2.76886
0.649985  2.87536
0.649985  2.98185
0.649985  3.08835
0.649985  3.19484
0.649985  3.30133
0.649985  3.40783
0.649985  3.51432
0.649985  3.62082
0.649985  3.72731
0.649985  3.83381
0.649985  3.9403
0.649985  4.0468
0.649985  4.15329
0.649985  4.25979
0.649985  4.36628
0.649985  4.47278
0.649985  4.57927
0.649985  4.68577
0.649985  4.79226
0.649985  4.89875
0.649985  5.00525
0.649985  5.11174
0.649985  5.21824
0.649985  5.32473
0.649985  5.43123
0.649985  5.53772
0.649985  5.64422
0.649985  5.75071
0.649985  5.85721
0.649985  5.9637
0.649985  6.0702
0.649985  6.17669
0.758316  0
0.758316  0.106495
0.758316  0.212989
0.758316  0.319484
0.758316  0.425979
0.758316  0.532473
0.758316  0.638968
0.758316  0.745463
0.758316  0.851957
0.758316  0.958452
0.758316  1.06495
0.758316  1.17144
0.758316  1.27794
0.758316  1.38443
0.758316  1.49093
0.758316  1.59742
0.758316  1.70391
0.758316  1.81041
0.758316  1.9169
0.758316  2.0234
0.758316  2.12989
0.758316  2.23639
0.758316  2.34288
0.758316  2.44938
0.758316  2.55587
0.758316  2.66237
0.758316  2.76886
0.758316  2.87536
0.758316  2.98185
0.758316  3.08835
0.758316  3.19484
0.758316  3.30133
0.758316  3.40783
0.758316  3.51432
0.758316  3.62082
0.758316  3.72731
0.758316  3.83381
0.758316  3.9403
0.758316  4.0468
0.758316  4.15329
0.758316  4.25979
0.758316  4.36628
0.758316  4.47278
0.758316  4.57927
0.758316  4.68577
0.758316  4.79226
0.758316  4.89875
0.758316  5.00525
0.758316  5.11174
0.758316  5.21824
0.758316  5.32473
0.758316  5.43123
0.758316  5.53772
0.758316  5.64422
0.758316  5.75071
0.758316  5.85721
0.758316  5.9637
0.758316  6.0702
0.758316  6.17669
0.866647  0
0.866647  0.106495
0.866647  0.212989
0.866647  0.319484
0.866647  0.425979
0.866647  0.532473
0.866647  0.638968
0.866647  0.745463
0.866647  0.851957
0.866647  0.958452
0.866647  1.06495
0.866647  1.17144
0.866647  1.27794
0.866647  1.38443
0.866647  1.49093
0.866647  1.59742
0.866647  1.70391
0.866647  1.81041
0.866647  1.9169
0.866647  2.0234
0.866647  2.12989
0.866647  2.23639
0.866647  2.34288
0.866647  2.44938
0.866647  2.55587
0.866647  2.66237
0.866647  2.76886
0.866647  2.87536
0.866647  2.98185
0.866647  3.08835
0.866647  3.19484
0.866647  3.30133
0.866647  3.40783
0.866647  3.51432
0.866647  3.62082
0.866647  3.72731
0.866647  3.83381
0.866647  3.9403
0.866647  4.0468
0.866647  4.15329
0.866647  4.25979
0.866647  4.36628
0.866647  4.47278
0.866647  4.57927
0.866647  4.68577
0.866647  4.79226
0.866647  4.89875
0.866647  5.00525
0.866647  5.11174
0.866647  5.21824
0.866647  5.32473
0.866647  5.43123
0.866647  5.53772
0.866647  5.64422
0.866647  5.75071
0.866647  5.85721
0.866647  5.9637
0.866647  6.0702
0.866647  6.17669
0.974978  0
0.974978  0.106495
0.974978  0.212989
0.974978  0.319484
0.974978  0.425979
0.974978  0.532473
0.974978  0.638968
0.974978  0.745463
0.974978  0.851957
0.974978  0.958452
0.974978  1.06495
0.974978  1.17144
0.974978  1.27794
0.974978  1.38443
0.974978  1.49093
0.974978  1.59742
0.974978  1.70391
0.974978  1.81041
0.974978  1.9169
0.974978  2.0234
0.974978  2.12989
0.974978  2.23639
0.974978  2.34288
0.974978  2.44938
0.974978  2.55587
0.974978  2.66237
0.974978  2.76886
0.974978  2.87536
0.974978  2.98185
0.974978  3.08835
0.974978  3.19484
0.974978  3.30133
0.974978  3.40783
0.974978  3.51432
0.974978  3.62082
0.974978  3.72731
0.974978  3.83381
0.974978  3.9403
0.974978  4.0468
0.974978  4.15329
0.974978  4.25979
0.974978  4.36628
0.974978  4.47278
0.974978  4.57927
0.974978  4.68577
0.974978  4.79226
0.974978  4.89875
0.974978  5.00525
0.974978  5.11174
0.974978  5.21824
0.974978  5.32473
0.974978  5.43123
0.974978  5.53772
0.974978  5.64422
0.974978  5.75071
0.974978  5.85721
0.974978  5.9637
0.974978  6.0702
0.974978  6.17669
1.08331  0
1.08331  0.106495
1.08331  0.212989
1.08331  0.319484
1.08331  0.425979
1.08331  0.532473
1.08331  0.638968
1.08331  0.745463
1.08331  0.851957
1.08331  0.958452
1.08331  1.06495
1.08331  1.17144
1.08331  1.27794
1.08331  1.38443
1.08331  1.49093
1.08331  1.59742
1.08331  1.70391
1.08331  1.81041
1.08331  1.9169
1.08331  2.0234
1.08331  2.12989
1.08331  2.23639
1.08331  2.34288
1.08331  2.44938
1.08331  2.55587
1.08331  2.66237
1.08331  2.76886
1.08331  2.87536
1.08331  2.98185
1.08331  3.08835
1.08331  3.19484
1.08331  3.30133
1.08331  3.40783
1.08331  3.51432
1.08331  3.62082
1.08331  3.72731
1.08331  3.83381
1.08331  3.9403
1.08331  4.0468
1.08331  4.15329
1.08331  4.25979
1.08331  4.36628
1.08331  4.47278
1.08331  4.57927
1.08331  4.68577
1.08331  4.79226
1.08331  4.89875
1.08331  5.00525
1.08331  5.11174
1.08331  5.21824
1.08331  5.32473
1.08331  5.43123
1.08331  5.53772
1.08331  5.64422
1.08331  5.75071
1.08331  5.85721
1.08331  5.9637
1.08331  6.0702
1.08331  6.17669
1.19164  0
1.19164  0.106495
1.19164  0.212989
1.19164  0.319484
1.19164  0.425979
1.19164  0.532473
1.19164  0.638968
1.19164  0.745463
1.19164  0.851957
1.19164  0.958452
1.19164  1.06495
1.19164  1.17144
1.19164  1.27794
1.19164  1.38443
1.19164  1.49093
1.19164  1.59742
1.19164  1.70391
1.19164  1.81041
1.19164  1.9169
1.19164  2.0234
1.19164  2.12989
1.19164  2.23639
1.19164  2.34288
1.19164  2.44938
1.19164  2.55587
1.19164  2.66237
1.19164  2.76886
1.19164  2.87536
1.19164  2.98185
1.19164  3.08835
1.19164  3.19484
1.19164  3.30133
1.19164  3.40783
1.19164  3.51432
1.19164  3.62082
1.19164  3.72731
1.19164  3.83381
1.19164  3.9403
1.19164  4.0468
1.19164  4.15329
1.19164  4.25979
1.19164  4.36628
1.19164  4.47278
1.19164  4.57927
1.19164  4.68577
1.19164  4.79226
1.19164  4.89875
1.19164  5.00525
1.19164  5.11174
1.19164  5.21824
1.19164  5.32473
1.19164  5.43123
1.19164  5.53772
1.19164  5.64422
1.19164  5.75071
1.19164  5.85721
1.19164  5.9637
1.19164  6.0702
1.19164  6.17669
1.29997  0
1.29997  0.106495
1.29997  0.212989
1.29997  0.319484
1.29997  0.425979
1.29997  0.532473
1.29997  0.638968
1.29997  0.745463
1.29997  0.851957
1.29997  0.958452
1.29997  1.06495
1.29997  1.17144
1.29997  1.27794
1.29997  1.38443
1.29997  1.49093
1.29997  1.59742
1.29997  1.70391
1.29997  1.81041
1.29997  1.9169
1.29997  2.0234
1.29997  2.12989
1.29997  2.23639
1.29997  2.34288
1.29997  2.44938
1.29997  2.55587
1.29997  2.66237
1.29997  2.76886
1.29997  2.87536
1.29997  2.98185
1.29997  3.08835
1.29997  3.19484
1.29997  3.30133
1.29997  3.40783
1.29997  3.51432
1.29997  3.62082
1.29997  3.72731
1.29997  3.83381
1.29997  3.9403
1.29997  4.0468
1.29997  4.15329
1.29997  4.25979
1.29997  4.36628
1.29997  4.47278
1.29997  4.57927
1.29997  4.68577
1.29997  4.79226
1.29997  4.89875
1.29997  5.00525
1.29997  5.11174
1.29997  5.21824
1.29997  5.32473
1.29997  5.43123
1.29997  5.53772
1.29997  5.64422
1.29997  5.75071
1.29997  5.85721
1.29997  5.9637
1.29997  6.0702
1.29997  6.17669
1.4083  0
1.4083  0.106495
1.4083  0.212989
1.4083  0.319484
1.4083  0.425979
1.4083  0.532473
1.4083  0.638968
1.4083  0.745463
1.4083  0.851957
1.4083  0.958452
1.4083  1.06495
1.4083  1.17144
1.4083  1.27794
1.4083  1.38443
1.4083  1.49093
1.4083  1.59742
1.4083  1.70391
1.4083  1.81041
1.4083  1.9169
1.4083  2.0234
1.4083  2.12989
1.4083  2.23639
1.4083  2.34288
1.4083  2.44938
1.4083  2.55587
1.4083  2.66237
1.4083  2.76886
1.4083  2.87536
1.4083  2.98185
1.4083  3.08835
1.4083  3.19484
1.4083  3.30133
1.4083  3.40783
1.4083  3.51432
1.4083  3.62082
1.4083  3.72731
1.4083  3.83381
1.4083  3.9403
1.4083  4.0468
1.4083  4.15329
1.4083  4.25979
1.4083  4.36628
1.4083  4.47278
1.4083  4.57927
1.4083  4.68577
1.4083  4.79226
1.4083  4.89875
1.4083  5.00525
1.4083  5.11174
1.4083  5.21824
1.4083  5.32473
1.4083  5.43123
1.4083  5.53772
1.4083  5.64422
1.4083  5.75071
1.4083  5.85721
1.4083  5.9637
1.4083  6.0702
1.4083  6.17669
1.51663  0
1.51663  0.106495
1.51663  0.212989
1.51663  0.319484
1.51663  0.425979
1.51663  0.532473
1.51663  0.638968
1.51663  0.745463
1.51663  0.851957
1.51663  0.958452
1.51663  1.06495
1.51663  1.17144
1.51663  1.27794
1.51663  1.38443
1.51663  1.49093
1.51663  1.59742
1.51663  1.70391
1.51663  1.81041
1.51663  1.9169
1.51663  2.0234
1.51663  2.12989
1.51663  2.23639
1.51663  2.34288
1.51663  2.44938
1.51663  2.55587
1.51663  2.66237
1.51663  2.76886
1.51663  2.87536
1.51663  2.98185
1.51663  3.08835
1.51663  3.19484
1.51663  3.30133
1.51663  3.40783
1.51663  3.51432
1.51663  3.62082
1.51663  3.72731
1.51663  3.83381
1.51663  3.9403
1.51663  4.0468
1.51663  4.15329
1.51663  4.25979
1.51663  4.36628
1.51663  4.47278
1.51663  4.57927
1.51663  4.68577
1.51663  4.79226
1.51663  4.89875
1.51663  5.00525
1.51663  5.11174
1.51663  5.21824
1.51663  5.32473
1.51663  5.43123
1.51663  5.53772
1.51663  5.64422
1.51663  5.75071
1.51663  5.85721
1.51663  5.9637
1.51663  6.0702
1.51663  6.17669
1.62496  0
1.62496  0.106495
1.62496  0.212989
1.62496  0.319484
1.62496  0.425979
1.62496  0.532473
1.62496  0.638968
1.62496  0.745463
1.62496  0.851957
1.62496  0.958452
1.62496  1.06495
1.62496  1.17144
1.62496  1.27794
1.62496  1.38443
1.62496  1.49093
1.62496  1.59742
1.62496  1.70391
1.62496  1.81041
1.62496  1.9169
1.62496  2.0234
1.62496  2.12989
1.62496  2.23639
1.62496  2.34288
1.62496  2.44938
1.62496  2.55587
1.62496  2.66237
1.62496  2.76886
1.62496  2.87536
1.62496  2.98185
1.62496  3.08835
1.62496  3.19484
1.62496  3.30133
1.62496  3.40783
1.62496  3.51432
1.62496  3.62082
1.62496  3.72731
1.62496  3.83381
1.62496  3.9403
1.62496  4.0468
1.62496  4.15329
1.62496  4.25979
1.62496  4.36628
1.62496  4.47278
1.62496  4.57927
1.62496  4.68577
1.62496  4.79226
1.62496  4.89875
1.62496  5.00525
1.62496  5.11174
1.62496  5.21824
1.62496  5.32473
1.62496  5.43123
1.62496  5.53772
1.62496  5.64422
1.62496  5.75071
1.62496  5.85721
1.62496  5.9637
1.62496  6.0702
1.62496  6.17669
1.73329  0
1.73329  0.106495
1.73329  0.212989
1.73329  0.319484
1.73329  0.425979
1.73329  0.532473
1.73329  0.638968
1.73329  0.745463
1.73329  0.851957
1.73329  0.958452
1.73329  1.06495
1.73329  1.17144
1.73329  1.27794
1.73329  1.38443
1.73329  1.49093
1.73329  1.59742
1.73329  1.70391
1.73329  1.81041
1.73329  1.9169
1.73329  2.0234
1.73329  2.12989
1.73329  2.23639
1.73329  2.34288
1.73329  2.44938
1.73329  2.55587
1.73329  2.66237
1.73329  2.76886
1.73329  2.87536
1.73329  2.98185
1.73329  3.08835
1.73329  3.19484
1.73329  3.30133
1.73329  3.40783
1.73329  3.51432
1.73329  3.62082
1.73329  3.72731
1.73329  3.83381
1.73329  3.9403
1.73329  4.0468
1.73329  4.15329
1.73329  4.25979
1.73329  4.36628
1.73329  4.47278
1.73329  4.57927
1.73329  4.68577
1.73329  4.79226
1.73329  4.89875
1.73329  5.00525
1.73329  5.11174
1.73329  5.21824
1.73329  5.32473
1.73329  5.43123
1.73329  5.53772
1.73329  5.64422
1.73329  5.75071
1.73329  5.85721
1.73329  5.9637
1.73329  6.0702
1.73329  6.17669
1.84162  0
1.84162  0.106495
1.84162  0.212989
1.84162  0.319484
1.84162  0.425979
1.84162  0.532473
1.84162  0.638968
1.84162  0.745463
1.84162  0.851957
1.84162  0.958452
1.84162  1.06495
1.84162  1.17144
1.84162  1.27794
1.84162  1.38443
1.84162  1.49093
1.84162  1.59742
1.84162  1.70391
1.84162  1.81041
1.84162  1.9169
1.84162  2.0234
1.84162  2.12989
1.84162  2.23639
1.84162  2.34288
1.84162  2.44938
1.84162  2.55587
1.84162  2.66237
1.84162  2.76886
1.84162  2.87536
1.84162  2.98185
1.84162  3.08835
1.84162  3.19484
1.84162  3.30133
1.84162  3.40783
1.84162  3.51432
1.84162  3.62082
1.84162  3.72731
1.84162  3.83381
1.84162  3.9403
1.84162  4.0468
1.84162  4.15329
1.84162  4.25979
1.84162  4.36628
1.84162  4.47278
1.84162  4.57927
1.84162  4.68577
1.84162  4.79226
1.84162  4.89875
1.84162  5.00525
1.84162  5.11174
1.84162  5.21824
1.84162  5.32473
1.84162  5.43123
1.84162  5.53772
1.84162  5.64422
1.84162  5.75071
1.84162  5.85721
1.84162  5.9637
1.84162  6.0702
1.84162  6.17669
1.94995  0
1.94995  0.106495
1.94995  0.212989
1.94995  0.319484
1.94995  0.425979
1.94995  0.532473
1.94995  0.638968
1.94995  0.745463
1.94995  0.851957
1.94995  0.958452
1.94995  1.06495
1.94995  1.17144
1.94995  1.27794
1.94995  1.38443
1.94995  1.49093
1.94995  1.59742
1.94995  1.70391
1.94995  1.81041
1.94995  1.9169
1.94995  2.0234
1.94995  2.12989
1.94995  2.23639
1.94995  2.34288
1.94995  2.44938
1.94995  2.55587
1.94995  2.66237
1.94995  2.76886
1.94995  2.87536
1.94995  2.98185
1.94995  3.08835
1.94995  3.19484
1.94995  3.30133
1.94995  3.40783
1.94995  3.51432
1.94995  3.62082
1.94995  3.72731
1.94995  3.83381
1.94995  3.9403
1.94995  4.0468
1.94995  4.15329
1.94995  4.25979
1.94995  4.36628
1.94995  4.47278
1.94995  4.57927
1.94995  4.68577
1.94995  4.79226
1.94995  4.89875
1.94995  5.00525
1.94995  5.11174
1.94995  5.21824
1.94995  5.32473
1.94995  5.43123
1.94995  5.53772
1.94995  5.64422
1.94995  5.75071
1.94995  5.85721
1.94995  5.9637
1.94995  6.0702
1.94995  6.17669
2.05829  0
2.05829  0.106495
2.05829  0.212989
2.05829  0.319484
2.05829  0.425979
2.05829  0.532473
2.05829  0.638968
2.05829  0.745463
2.05829  0.851957
2.05829  0.958452
2.05829  1.06495
2.05829  1.17144
2.05829  1.27794
2.05829  1.38443
2.05829  1.49093
2.05829  1.59742
2.05829  1.70391
2.05829  1.81041
2.05829  1.9169
2.05829  2.0234
2.05829  2.12989
2.05829  2.23639
2.05829  2.34288
2.05829  2.44938
2.05829  2.55587
2.05829  2.66237
2.05829  2.76886
2.05829  2.87536
2.05829  2.98185
2.05829  3.08835
2.05829  3.19484
2.05829  3.30133
2.05829  3.40783
2.05829  3.51432
2.05829  3.62082
2.05829  3.72731
2.05829  3.83381
2.05829  3.9403
2.05829  4.0468
2.05829  4.15329
2.05829  4.25979
2.05829  4.36628
2.05829  4.47278
2.05829  4.57927
2.05829  4.68577
2.05829  4.79226
2.05829  4.89875
2.05829  5.00525
2.05829  5.11174
2.05829  5.21824
2.05829  5.32473
2.05829  5.43123
2.05829  5.53772
2.05829  5.64422
2.05829  5.75071
2.05829  5.85721
2.05829  5.9637
2.05829  6.0702
2.05829  6.17669
2.16662  0
2.16662  0.106495
2.16662  0.212989
2.16662  0.319484
2.16662  0.425979
2.16662  0.532473
2.16662  0.638968
2.16662  0.745463
2.16662  0.851957
2.16662  0.958452
2.16662  1.06495
2.16662  1.17144
2.16662  1.27794
2.16662  1.38443
2.16662  1.49093
2.16662  1.59742
2.16662  1.70391
2.16662  1.81041
2.16662  1.9169
2.16662  2.0234
2.16662  2.12989
2.16662  2.23639
2.16662  2.34288
2.16662  2.44938
2.16662  2.55587
2.16662  2.66237
2.16662  2.76886
2.16662  2.87536
2.16662  2.98185
2.16662  3.08835
2.16662  3.19484
2.16662  3.30133
2.16662  3.40783
2.16662  3.51432
2.16662  3.62082
2.16662  3.72731
2.16662  3.83381
2.16662  3.9403
2.16662  4.0468
2.16662  4.15329
2.16662  4.25979
2.16662  4.36628
2.16662  4.47278
2.16662  4.57927
2.16662  4.68577
2.16662  4.79226
2.16662  4.89875
2.16662  5.00525
2.16662  5.11174
2.16662  5.21824
2.16662  5.32473
2.16662  5.43123
2.16662  5.53772
2.16662  5.64422
2.16662  5.75071
2.16662  5.85721
2.16662  5.9637
2.16662  6.0702
2.16662  6.17669
2.27495  0
2.27495  0.106495
2.27495  0.212989
2.27495  0.319484
2.27495  0.425979
2.27495  0.532473
2.27495  0.638968
2.27495  0.745463
2.27495  0.851957
2.27495  0.958452
2.27495  1.06495
2.27495  1.17144
2.27495  1.27794
2.27495  1.38443
2.27495  1.49093
2.27495  1.59742
2.27495  1.70391
2.27495  1.81041
2.27495  1.9169
2.27495  2.0234
2.27495  2.12989
2.27495  2.23639
2.27495  2.34288
2.27495  2.44938
2.27495  2.55587
2.27495  2.66237
2.27495  2.76886
2.27495  2.87536
2.27495  2.98185
2.27495  3.08835
2.27495  3.19484
2.27495  3.30133
2.27495  3.40783
2.27495  3.51432
2.27495  3.62082
2.27495  3.72731
2.27495  3.83381
2.27495  3.9403
2.27495  4.0468
2.27495  4.15329
2.27495  4.25979
2.27495  4.36628
2.27495  4.47278
2.27495  4.57927
2.27495  4.68577
2.27495  4.79226
2.27495  4.89875
2.27495  5.00525
2.27495  5.11174
2.27495  5.21824
2.27495  5.32473
2.27495  5.43123
2.27495  5.53772
2.27495  5.64422
2.27495  5.75071
2.27495  5.85721
2.27495  5.9637
2.27495  6.0702
2.27495  6.17669
2.38328  0
2.38328  0.106495
2.38328  0.212989
2.38328  0.319484
2.38328  0.425979
2.38328  0.532473
2.38328  0.638968
2.38328  0.745463
2.38328  0.851957
2.38328  0.958452
2.38328  1.06495
2.38328  1.17144
2.38328  1.27794
2.38328  1.38443
2.38328  1.49093
2.38328  1.59742
2.38328  1.70391
2.38328  1.81041
2.38328  1.9169
2.38328  2.0234
2.38328  2.12989
2.38328  2.23639
2.38328  2.34288
2.38328  2.44938
2.38328  2.55587
2.38328  2.66237
2.38328  2.76886
2.38328  2.87536
2.38328  2.98185
2.38328  3.08835
2.38328  3.19484
2.38328  3.30133
2.38328  3.40783
2.38328  3.51432
2.38328  3.62082
2.38328  3.72731
2.38328  3.83381
2.38328  3.9403
2.38328  4.0468
2.38328  4.15329
2.38328  4.25979
2.38328  4.36628
2.38328  4.47278
2.38328  4.57927
2.38328  4.68577
2.38328  4.79226
2.38328  4.89875
2.38328  5.00525
2.38328  5.11174
2.38328  5.21824
2.38328  5.32473
2.38328  5.43123
2.38328  5.53772
2.38328  5.64422
2.38328  5.75071
2.38328  5.85721
2.38328  5.9637
2.38328  6.0702
2.38328  6.17669
2.49161  0
2.49161  0.106495
2.49161  0.212989
2.49161  0.319484
2.49161  0.425979
2.49161  0.532473
2.49161  0.638968
2.49161  0.745463
2.49161  0.851957
2.49161  0.958452
2.49161  1.06495
2.49161  1.17144
2.49161  1.27794
2.49161  1.38443
2.49161  1.49093
2.49161  1.59742
2.49161  1.70391
2.49161  1.81041
2.49161  1.9169
2.49161  2.0234
2.49161  2.12989
2.49161  2.23639
2.49161  2.34288
2.49161  2.44938
2.49161  2.55587
2.49161  2.66237
2.49161  2.76886
2.49161  2.87536
2.49161  2.98185
2.49161  3.08835
2.49161  3.19484
2.49161  3.30133
2.49161  3.40783
2.49161  3.51432
2.49161  3.62082
2.49161  3.72731
2.49161  3.83381
2.49161  3.9403
2.49161  4.0468
2.49161  4.15329
2.49161  4.25979
2.49161  4.36628
2.49161  4.47278
2.49161  4.57927
2.49161  4.68577
2.49161  4.79226
2.49161  4.89875
2.49161  5.00525
2.49161  5.11174
2.49161  5.21824
2.49161  5.32473
2.49161  5.43123
2.49161  5.53772
2.49161  5.64422
2.49161  5.75071
2.49161  5.85721
2.49161  5.9637
2.49161  6.0702
2.49161  6.17669
2.59994  0
2.59994  0.106495
2.59994  0.212989
2.59994  0.319484
2.59994  0.425979
2.59994  0.532473
2.59994  0.638968
2.59994  0.745463
2.59994  0.851957
2.59994  0.958452
2.59994  1.06495
2.59994  1.17144
2.59994  1.27794
2.59994  1.38443
2.59994  1.49093
2.59994  1.59742
2.59994  1.70391
2.59994  1.81041
2.59994  1.9169
2.59994  2.0234
2.59994  2.12989
2.59994  2.23639
2.59994  2.34288
2.59994  2.44938
2.59994  2.55587
2.59994  2.66237
2.59994  2.76886
2.59994  2.87536
2.59994  2.98185
2.59994  3.08835
2.59994  3.19484
2.59994  3.30133
2.59994  3.40783
2.59994  3.51432
2.59994  3.62082
2.59994  3.72731
2.59994  3.83381
2.59994  3.9403
2.59994  4.0468
2.59994  4.15329
2.59994  4.25979
2.59994  4.36628
2.59994  4.47278
2.59994  4.57927
2.59994  4.68577
2.59994  4.79226
2.59994  4.89875
2.59994  5.00525
2.59994  5.11174
2.59994  5.21824
2.59994  5.32473
2.59994  5.43123
2.59994  5.53772
2.59994  5.64422
2.59994  5.75071
2.59994  5.85721
2.59994  5.9637
2.59994  6.0702
2.59994  6.17669
2.70827  0
2.70827  0.106495
2.70827  0.212989
2.70827  0.319484
2.70827  0.425979
2.70827  0.532473
2.70827  0.638968
2.70827  0.745463
2.70827  0.851957
2.70827  0.958452
2.70827  1.06495
2.70827  1.17144
2.70827  1.27794
2.70827  1.38443
2.70827  1.49093
2.70827  1.59742
2.70827  1.70391
2.70827  1.81041
2.70827  1.9169
2.70827  2.0234
2.70827  2.12989
2.70827  2.23639
2.70827  2.34288
2.70827  2.44938
2.70827  2.55587
2.70827  2.66237
2.70827  2.76886
2.70827  2.87536
2.70827  2.98185
2.70827  3.08835
2.70827  3.19484
2.70827  3.30133
2.70827  3.40783
2.70827  3.51432
2.70827  3.62082
2.70827  3.72731
2.70827  3.83381
2.70827  3.9403
2.70827  4.0468
2.70827  4.15329
2.70827  4.25979
2.70827  4.36628
2.70827  4.47278
2.70827  4.57927
2.70827  4.68577
2.70827  4.79226
2.70827  4.89875
2.70827  5.00525
2.70827  5.11174
2.70827  5.21824
2.70827  5.32473
2.70827  5.43123
2.70827  5.53772
2.70827  5.64422
2.70827  5.75071
2.70827  5.85721
2.70827  5.9637
2.70827  6.0702
2.70827  6.17669
2.8166  0
2.8166  0.106495
2.8166  0.212989
2.8166  0.319484
2.8166  0.425979
2.8166  0.532473
2.8166  0.638968
2.8166  0.745463
2.8166  0.851957
2.8166  0.958452
2.8166  1.06495
2.8166  1.17144
2.8166  1.27794
2.8166  1.38443
2.8166  1.49093
2.8166  1.59742
2.8166  1.70391
2.8166  1.81041
2.8166  1.9169
2.8166  2.0234
2.8166  2.12989
2.8166  2.23639
2.8166  2.34288
2.8166  2.44938
2.8166  2.55587
2.8166  2.66237
2.8166  2.76886
2.8166  2.87536
2.8166  2.98185
2.8166  3.08835
2.8166  3.19484
2.8166  3.30133
2.8166  3.40783
2.8166  3.51432
2.8166  3.62082
2.8166  3.72731
2.8166  3.83381
2.8166  3.9403
2.8166  4.0468
2.8166  4.15329
2.8166  4.25979
2.8166  4.36628
2.8166  4.47278
2.8166  4.57927
2.8166  4.68577
2.8166  4.79226
2.8166  4.89875
2.8166  5.00525
2.8166  5.11174
2.8166  5.21824
2.8166  5.32473
2.8166  5.43123
2.8166  5.53772
2.8166  5.64422
2.8166  5.75071
2.8166  5.85721
2.8166  5.9637
2.8166  6.0702
2.8166  6.17669
2.92493  0
2.92493  0.106495
2.92493  0.212989
2.92493  0.319484
2.92493  0.425979
2.92493  0.532473
2.92493  0.638968
2.92493  0.745463
2.92493  0.851957
2.92493  0.958452
2.92493  1.06495
2.92493  1.17144
2.92493  1.27794
2.92493  1.38443
2.92493  1.49093
2.92493  1.59742
2.92493  1.70391
2.92493  1.81041
2.92493  1.9169
2.92493  2.0234
2.92493  2.12989
2.92493  2.23639
2.92493  2.34288
2.92493  2.44938
2.92493  2.55587
2.92493  2.66237
2.92493  2.76886
2.92493  2.87536
2.92493  2.98185
2.92493  3.08835
2.92493  3.19484
2.92493  3.30133
2.92493  3.40783
2.92493  3.51432
2.92493  3.62082
2.92493  3.72731
2.92493  3.83381
2.92493  3.9403
2.92493  4.0468
2.92493  4.15329
2.92493  4.25979
2.92493  4.36628
2.92493  4.47278
2.92493  4.57927
2.92493  4.68577
2.92493  4.79226
2.92493  4.89875
2.92493  5.00525
2.92493  5.11174
2.92493  5.21824
2.92493  5.32473
2.92493  5.43123
2.92493  5.53772
2.92493  5.64422
2.92493  5.75071
2.92493  5.85721
2.92493  5.9637
2.92493  6.0702
2.92493  6.17669
3.03326  0
3.03326  0.106495
3.03326  0.212989
3.03326  0.319484
3.03326  0.425979
3.03326  0.532473
3.03326  0.638968
3.03326  0.745463
3.03326  0.851957
3.03326  0.958452
3.03326  1.06495
3.03326  1.17144
3.03326  1.27794
3.03326  1.38443
3.03326  1.49093
3.03326  1.59742
3.03326  1.70391
3.03326  1.81041
3.03326  1.9169
3.03326  2.0234
3.03326  2.12989
3.03326  2.23639
3.03326  2.34288
3.03326  2.44938
3.03326  2.55587
3.03326  2.66237
3.03326  2.76886
3.03326  2.87536
3.03326  2.98185
3.03326  3.08835
3.03326  3.19484
3.03326  3.30133
3.03326  3.40783
3.03326  3.51432
3.03326  3.62082
3.03326  3.72731
3.03326  3.83381
3.03326  3.9403
3.03326  4.0468
3.03326  4.15329
3.03326  4.25979
3.03326  4.36628
3.03326  4.47278
3.03326  4.57927
3.03326  4.68577
3.03326  4.79226
3.03326  4.89875
3.03326  5.00525
3.03326  5.11174
3.03326  5.21824
3.03326  5.32473
3.03326  5.43123
3.03326  5.53772
3.03326  5.64422
3.03326  5.75071
3.03326  5.85721
3.03326  5.9637
3.03326  6.0702
3.03326  6.17669
3.14159  0
3.14159  0.106495
3.14159  0.212989
3.14159  0.319484
3.14159  0.425979
3.14159  0.532473
3.14159  0.638968
3.14159  0.745463
3.14159  0.851957
3.14159  0.958452
3.14159  1.06495
3.14159  1.17144
3.14159  1.27794
3.14159  1.38443
3.14159  1.49093
3.14159  1.59742
3.14159  1.70391
3.14159  1.81041
3.14159  1.9169
3.14159  2.0234
3.14159  2.12989
3.14159  2.23639
3.14159  2.34288
3.14159  2.44938
3.14159  2.55587
3.14159  2.66237
3.14159  2.76886
3.14159  2.87536
3.14159  2.98185
3.14159  3.08835
3.14159  3.19484
3.14159  3.30133
3.14159  3.40783
3.14159  3.51432
3.14159  3.62082
3.14159  3.72731
3.14159  3.83381
3.14159  3.9403
3.14159  4.0468
3.14159  4.15329
3.14159  4.25979
3.14159  4.36628
3.14159  4.47278
3.14159  4.57927
3.14159  4.68577
3.14159  4.79226
3.14159  4.89875
3.14159  5.00525
3.14159  5.11174
3.14159  5.21824
3.14159  5.32473
3.14159  5.43123
3.14159  5.53772
3.14159  5.64422
3.14159  5.75071
3.14159  5.85721
3.14159  5.9637
3.14159  6.0702
3.14159  6.17669
