theta phi dOmega dtheta 
0.0541664  0 0.000214938 0.108331
0.0541664  0.10472 0.000215011 0.108331
0.0541664  0.20944 0.000215228 0.108331
0.0541664  0.314159 0.000215587 0.108331
0.0541664  0.418879 0.000216084 0.108331
0.0541664  0.523599 0.000216714 0.108331
0.0541664  0.628319 0.000217471 0.108331
0.0541664  0.733038 0.000218347 0.108331
0.0541664  0.837758 0.000219332 0.108331
0.0541664  0.942478 0.000220416 0.108331
0.0541664  1.0472 0.000221587 0.108331
0.0541664  1.15192 0.000222833 0.108331
0.0541664  1.25664 0.000224141 0.108331
0.0541664  1.36136 0.000225496 0.108331
0.0541664  1.46608 0.000226884 0.108331
0.0541664  1.5708 0.000228289 0.108331
0.0541664  1.67552 0.000229696 0.108331
0.0541664  1.78024 0.000231091 0.108331
0.0541664  1.88496 0.000232456 0.108331
0.0541664  1.98968 0.000233778 0.108331
0.0541664  2.0944 0.000235041 0.108331
0.0541664  2.19911 0.000236231 0.108331
0.0541664  2.30383 0.000237336 0.108331
0.0541664  2.40855 0.000238341 0.108331
0.0541664  2.51327 0.000239237 0.108331
0.0541664  2.61799 0.000240014 0.108331
0.0541664  2.72271 0.000240661 0.108331
0.0541664  2.82743 0.000241172 0.108331
0.0541664  2.93215 0.000241542 0.108331
0.0541664  3.03687 0.000241765 0.108331
0.0541664  3.14159 0.00024184 0.108331
0.0541664  3.24631 0.000241765 0.108331
0.0541664  3.35103 0.000241542 0.108331
0.0541664  3.45575 0.000241172 0.108331
0.0541664  3.56047 0.000240661 0.108331
0.0541664  3.66519 0.000240014 0.108331
0.0541664  3.76991 0.000239237 0.108331
0.0541664  3.87463 0.000238341 0.108331
0.0541664  3.97935 0.000237336 0.108331
0.0541664  4.08407 0.000236231 0.108331
0.0541664  4.18879 0.000235041 0.108331
0.0541664  4.29351 0.000233778 0.108331
0.0541664  4.39823 0.000232456 0.108331
0.0541664  4.50295 0.000231091 0.108331
0.0541664  4.60767 0.000229696 0.108331
0.0541664  4.71239 0.000228289 0.108331
0.0541664  4.81711 0.000226884 0.108331
0.0541664  4.92183 0.000225496 0.108331
0.0541664  5.02655 0.000224141 0.108331
0.0541664  5.13127 0.000222833 0.108331
0.0541664  5.23599 0.000221587 0.108331
0.0541664  5.34071 0.000220416 0.108331
0.0541664  5.44543 0.000219332 0.108331
0.0541664  5.55015 0.000218347 0.108331
0.0541664  5.65487 0.000217471 0.108331
0.0541664  5.75959 0.000216714 0.108331
0.0541664  5.86431 0.000216084 0.108331
0.0541664  5.96903 0.000215587 0.108331
0.0541664  6.07375 0.000215228 0.108331
0.0541664  0 0 0.108331
0.162497  0 0.000560651 0.108331
0.162497  0.10472 0.00056129 0.108331
0.162497  0.20944 0.000563203 0.108331
0.162497  0.314159 0.000566371 0.108331
0.162497  0.418879 0.000570768 0.108331
0.162497  0.523599 0.000576352 0.108331
0.162497  0.628319 0.000583072 0.108331
0.162497  0.733038 0.000590865 0.108331
0.162497  0.837758 0.000599657 0.108331
0.162497  0.942478 0.000609361 0.108331
0.162497  1.0472 0.00061988 0.108331
0.162497  1.15192 0.000631108 0.108331
0.162497  1.25664 0.000642927 0.108331
0.162497  1.36136 0.000655212 0.108331
0.162497  1.46608 0.000667833 0.108331
0.162497  1.5708 0.00068065 0.108331
0.162497  1.67552 0.000693523 0.108331
0.162497  1.78024 0.000706308 0.108331
0.162497  1.88496 0.000718859 0.108331
0.162497  1.98968 0.000731035 0.108331
0.162497  2.0944 0.000742694 0.108331
0.162497  2.19911 0.000753703 0.108331
0.162497  2.30383 0.000763933 0.108331
0.162497  2.40855 0.000773265 0.108331
0.162497  2.51327 0.000781588 0.108331
0.162497  2.61799 0.000788806 0.108331
0.162497  2.72271 0.000794832 0.108331
0.162497  2.82743 0.000799594 0.108331
0.162497  2.93215 0.000803037 0.108331
0.162497  3.03687 0.000805119 0.108331
0.162497  3.14159 0.000805816 0.108331
0.162497  3.24631 0.000805119 0.108331
0.162497  3.35103 0.000803037 0.108331
0.162497  3.45575 0.000799594 0.108331
0.162497  3.56047 0.000794832 0.108331
0.162497  3.66519 0.000788806 0.108331
0.162497  3.76991 0.000781588 0.108331
0.162497  3.87463 0.000773265 0.108331
0.162497  3.97935 0.000763933 0.108331
0.162497  4.08407 0.000753703 0.108331
0.162497  4.18879 0.000742694 0.108331
0.162497  4.29351 0.000731035 0.108331
0.162497  4.39823 0.000718859 0.108331
0.162497  4.50295 0.000706308 0.108331
0.162497  4.60767 0.000693523 0.108331
0.162497  4.71239 0.00068065 0.108331
0.162497  4.81711 0.000667833 0.108331
0.162497  4.92183 0.000655212 0.108331
0.162497  5.02655 0.000642927 0.108331
0.162497  5.13127 0.000631108 0.108331
0.162497  5.23599 0.00061988 0.108331
0.162497  5.34071 0.000609361 0.108331
0.162497  5.44543 0.000599657 0.108331
0.162497  5.55015 0.000590865 0.108331
0.162497  5.65487 0.000583072 0.108331
0.162497  5.75959 0.000576352 0.108331
0.162497  5.86431 0.000570768 0.108331
0.162497  5.96903 0.000566371 0.108331
0.162497  6.07375 0.000563203 0.108331
0.162497  0 0 0.108331
0.270828  0 0.000783376 0.108331
0.270828  0.10472 0.000785135 0.108331
0.270828  0.20944 0.0007904 0.108331
0.270828  0.314159 0.000799135 0.108331
0.270828  0.418879 0.000811279 0.108331
0.270828  0.523599 0.000826741 0.108331
0.270828  0.628319 0.000845402 0.108331
0.270828  0.733038 0.000867108 0.108331
0.270828  0.837758 0.000891671 0.108331
0.270828  0.942478 0.00091887 0.108331
0.270828  1.0472 0.000948445 0.108331
0.270828  1.15192 0.000980105 0.108331
0.270828  1.25664 0.00101353 0.108331
0.270828  1.36136 0.00104836 0.108331
0.270828  1.46608 0.00108422 0.108331
0.270828  1.5708 0.00112071 0.108331
0.270828  1.67552 0.00115744 0.108331
0.270828  1.78024 0.00119397 0.108331
0.270828  1.88496 0.00122989 0.108331
0.270828  1.98968 0.00126477 0.108331
0.270828  2.0944 0.00129822 0.108331
0.270828  2.19911 0.00132983 0.108331
0.270828  2.30383 0.00135922 0.108331
0.270828  2.40855 0.00138605 0.108331
0.270828  2.51327 0.00140998 0.108331
0.270828  2.61799 0.00143075 0.108331
0.270828  2.72271 0.00144809 0.108331
0.270828  2.82743 0.00146181 0.108331
0.270828  2.93215 0.00147172 0.108331
0.270828  3.03687 0.00147772 0.108331
0.270828  3.14159 0.00147973 0.108331
0.270828  3.24631 0.00147772 0.108331
0.270828  3.35103 0.00147172 0.108331
0.270828  3.45575 0.00146181 0.108331
0.270828  3.56047 0.00144809 0.108331
0.270828  3.66519 0.00143075 0.108331
0.270828  3.76991 0.00140998 0.108331
0.270828  3.87463 0.00138605 0.108331
0.270828  3.97935 0.00135922 0.108331
0.270828  4.08407 0.00132983 0.108331
0.270828  4.18879 0.00129822 0.108331
0.270828  4.29351 0.00126477 0.108331
0.270828  4.39823 0.00122989 0.108331
0.270828  4.50295 0.00119397 0.108331
0.270828  4.60767 0.00115744 0.108331
0.270828  4.71239 0.00112071 0.108331
0.270828  4.81711 0.00108422 0.108331
0.270828  4.92183 0.00104836 0.108331
0.270828  5.02655 0.00101353 0.108331
0.270828  5.13127 0.000980105 0.108331
0.270828  5.23599 0.000948445 0.108331
0.270828  5.34071 0.00091887 0.108331
0.270828  5.44543 0.000891671 0.108331
0.270828  5.55015 0.000867108 0.108331
0.270828  5.65487 0.000845402 0.108331
0.270828  5.75959 0.000826741 0.108331
0.270828  5.86431 0.000811279 0.108331
0.270828  5.96903 0.000799135 0.108331
0.270828  6.07375 0.0007904 0.108331
0.270828  0 0 0.108331
0.379159  0 0.000865306 0.108331
0.379159  0.10472 0.000868766 0.108331
0.379159  0.20944 0.00087913 0.108331
0.379159  0.314159 0.000896351 0.108331
0.379159  0.418879 0.000920341 0.108331
0.379159  0.523599 0.000950963 0.108331
0.379159  0.628319 0.000988019 0.108331
0.379159  0.733038 0.00103124 0.108331
0.379159  0.837758 0.00108029 0.108331
0.379159  0.942478 0.00113473 0.108331
0.379159  1.0472 0.00119406 0.108331
0.379159  1.15192 0.00125769 0.108331
0.379159  1.25664 0.00132497 0.108331
0.379159  1.36136 0.00139519 0.108331
0.379159  1.46608 0.00146757 0.108331
0.379159  1.5708 0.0015413 0.108331
0.379159  1.67552 0.00161554 0.108331
0.379159  1.78024 0.00168943 0.108331
0.379159  1.88496 0.00176212 0.108331
0.379159  1.98968 0.00183274 0.108331
0.379159  2.0944 0.00190046 0.108331
0.379159  2.19911 0.00196445 0.108331
0.379159  2.30383 0.00202397 0.108331
0.379159  2.40855 0.00207832 0.108331
0.379159  2.51327 0.00212681 0.108331
0.379159  2.61799 0.00216887 0.108331
0.379159  2.72271 0.002204 0.108331
0.379159  2.82743 0.00223177 0.108331
0.379159  2.93215 0.00225185 0.108331
0.379159  3.03687 0.002264 0.108331
0.379159  3.14159 0.00226807 0.108331
0.379159  3.24631 0.002264 0.108331
0.379159  3.35103 0.00225185 0.108331
0.379159  3.45575 0.00223177 0.108331
0.379159  3.56047 0.002204 0.108331
0.379159  3.66519 0.00216887 0.108331
0.379159  3.76991 0.00212681 0.108331
0.379159  3.87463 0.00207832 0.108331
0.379159  3.97935 0.00202397 0.108331
0.379159  4.08407 0.00196445 0.108331
0.379159  4.18879 0.00190046 0.108331
0.379159  4.29351 0.00183274 0.108331
0.379159  4.39823 0.00176212 0.108331
0.379159  4.50295 0.00168943 0.108331
0.379159  4.60767 0.00161554 0.108331
0.379159  4.71239 0.0015413 0.108331
0.379159  4.81711 0.00146757 0.108331
0.379159  4.92183 0.00139519 0.108331
0.379159  5.02655 0.00132497 0.108331
0.379159  5.13127 0.00125769 0.108331
0.379159  5.23599 0.00119406 0.108331
0.379159  5.34071 0.00113473 0.108331
0.379159  5.44543 0.00108029 0.108331
0.379159  5.55015 0.00103124 0.108331
0.379159  5.65487 0.000988019 0.108331
0.379159  5.75959 0.000950963 0.108331
0.379159  5.86431 0.000920341 0.108331
0.379159  5.96903 0.000896351 0.108331
0.379159  6.07375 0.00087913 0.108331
0.379159  0 0 0.108331
0.487489  0 0.000787395 0.108331
0.487489  0.10472 0.00079323 0.108331
0.487489  0.20944 0.000810719 0.108331
0.487489  0.314159 0.000839803 0.108331
0.487489  0.418879 0.000880369 0.108331
0.487489  0.523599 0.00093222 0.108331
0.487489  0.628319 0.00099507 0.108331
0.487489  0.733038 0.00106848 0.108331
0.487489  0.837758 0.00115186 0.108331
0.487489  0.942478 0.00124448 0.108331
0.487489  1.0472 0.00134547 0.108331
0.487489  1.15192 0.00145381 0.108331
0.487489  1.25664 0.00156836 0.108331
0.487489  1.36136 0.00168789 0.108331
0.487489  1.46608 0.00181107 0.108331
0.487489  1.5708 0.00193651 0.108331
0.487489  1.67552 0.00206278 0.108331
0.487489  1.78024 0.00218841 0.108331
0.487489  1.88496 0.00231194 0.108331
0.487489  1.98968 0.00243192 0.108331
0.487489  2.0944 0.00254691 0.108331
0.487489  2.19911 0.00265558 0.108331
0.487489  2.30383 0.00275662 0.108331
0.487489  2.40855 0.0028488 0.108331
0.487489  2.51327 0.00293107 0.108331
0.487489  2.61799 0.00300242 0.108331
0.487489  2.72271 0.00306199 0.108331
0.487489  2.82743 0.00310909 0.108331
0.487489  2.93215 0.00314313 0.108331
0.487489  3.03687 0.00316373 0.108331
0.487489  3.14159 0.00317062 0.108331
0.487489  3.24631 0.00316373 0.108331
0.487489  3.35103 0.00314313 0.108331
0.487489  3.45575 0.00310909 0.108331
0.487489  3.56047 0.00306199 0.108331
0.487489  3.66519 0.00300242 0.108331
0.487489  3.76991 0.00293107 0.108331
0.487489  3.87463 0.0028488 0.108331
0.487489  3.97935 0.00275662 0.108331
0.487489  4.08407 0.00265558 0.108331
0.487489  4.18879 0.00254691 0.108331
0.487489  4.29351 0.00243192 0.108331
0.487489  4.39823 0.00231194 0.108331
0.487489  4.50295 0.00218841 0.108331
0.487489  4.60767 0.00206278 0.108331
0.487489  4.71239 0.00193651 0.108331
0.487489  4.81711 0.00181107 0.108331
0.487489  4.92183 0.00168789 0.108331
0.487489  5.02655 0.00156836 0.108331
0.487489  5.13127 0.00145381 0.108331
0.487489  5.23599 0.00134547 0.108331
0.487489  5.34071 0.00124448 0.108331
0.487489  5.44543 0.00115186 0.108331
0.487489  5.55015 0.00106848 0.108331
0.487489  5.65487 0.00099507 0.108331
0.487489  5.75959 0.00093222 0.108331
0.487489  5.86431 0.000880369 0.108331
0.487489  5.96903 0.000839803 0.108331
0.487489  6.07375 0.000810719 0.108331
0.487489  0 0 0.108331
0.59582  0 0.000715119 0.108331
0.59582  0.10472 0.000695064 0.108331
0.59582  0.20944 0.00057025 0.108331
0.59582  0.314159 0.000616119 0.108331
0.59582  0.418879 0.000678477 0.108331
0.59582  0.523599 0.000759188 0.108331
0.59582  0.628319 0.000856765 0.108331
0.59582  0.733038 0.00097043 0.108331
0.59582  0.837758 0.00109925 0.108331
0.59582  0.942478 0.00124205 0.108331
0.59582  1.0472 0.00139743 0.108331
0.59582  1.15192 0.00156378 0.108331
0.59582  1.25664 0.00173935 0.108331
0.59582  1.36136 0.00192224 0.108331
0.59582  1.46608 0.00211045 0.108331
0.59582  1.5708 0.00230186 0.108331
0.59582  1.67552 0.00249431 0.108331
0.59582  1.78024 0.0026856 0.108331
0.59582  1.88496 0.00287354 0.108331
0.59582  1.98968 0.00305592 0.108331
0.59582  2.0944 0.00323063 0.108331
0.59582  2.19911 0.00339562 0.108331
0.59582  2.30383 0.00354894 0.108331
0.59582  2.40855 0.0036888 0.108331
0.59582  2.51327 0.00381354 0.108331
0.59582  2.61799 0.0039217 0.108331
0.59582  2.72271 0.00401199 0.108331
0.59582  2.82743 0.00408335 0.108331
0.59582  2.93215 0.00413493 0.108331
0.59582  3.03687 0.00416613 0.108331
0.59582  3.14159 0.00417657 0.108331
0.59582  3.24631 0.00416613 0.108331
0.59582  3.35103 0.00413493 0.108331
0.59582  3.45575 0.00408335 0.108331
0.59582  3.56047 0.00401199 0.108331
0.59582  3.66519 0.0039217 0.108331
0.59582  3.76991 0.00381354 0.108331
0.59582  3.87463 0.0036888 0.108331
0.59582  3.97935 0.00354894 0.108331
0.59582  4.08407 0.00339562 0.108331
0.59582  4.18879 0.00323063 0.108331
0.59582  4.29351 0.00305592 0.108331
0.59582  4.39823 0.00287354 0.108331
0.59582  4.50295 0.0026856 0.108331
0.59582  4.60767 0.00249431 0.108331
0.59582  4.71239 0.00230186 0.108331
0.59582  4.81711 0.00211045 0.108331
0.59582  4.92183 0.00192224 0.108331
0.59582  5.02655 0.00173935 0.108331
0.59582  5.13127 0.00156378 0.108331
0.59582  5.23599 0.00139743 0.108331
0.59582  5.34071 0.00124205 0.108331
0.59582  5.44543 0.00109925 0.108331
0.59582  5.55015 0.00097043 0.108331
0.59582  5.65487 0.000856765 0.108331
0.59582  5.75959 0.000759188 0.108331
0.59582  5.86431 0.000678477 0.108331
0.59582  5.96903 0.000616119 0.108331
0.59582  6.07375 0.00057025 0.108331
0.59582  0 0 0.108331
0.704151  0 0.00134356 0.108331
0.704151  0.10472 0.00131605 0.108331
0.704151  0.20944 0.00123425 0.108331
0.704151  0.314159 0.00110161 0.108331
0.704151  0.418879 0.000922045 0.108331
0.704151  0.523599 0.000701643 0.108331
0.704151  0.628319 0.000574099 0.108331
0.704151  0.733038 0.00073918 0.108331
0.704151  0.837758 0.000925743 0.108331
0.704151  0.942478 0.00113115 0.108331
0.704151  1.0472 0.0013535 0.108331
0.704151  1.15192 0.00159052 0.108331
0.704151  1.25664 0.00183977 0.108331
0.704151  1.36136 0.00209866 0.108331
0.704151  1.46608 0.00236441 0.108331
0.704151  1.5708 0.00263416 0.108331
0.704151  1.67552 0.00290494 0.108331
0.704151  1.78024 0.00317374 0.108331
0.704151  1.88496 0.00343754 0.108331
0.704151  1.98968 0.00369329 0.108331
0.704151  2.0944 0.00393811 0.108331
0.704151  2.19911 0.00416914 0.108331
0.704151  2.30383 0.00438374 0.108331
0.704151  2.40855 0.00457941 0.108331
0.704151  2.51327 0.00475386 0.108331
0.704151  2.61799 0.00490507 0.108331
0.704151  2.72271 0.00503127 0.108331
0.704151  2.82743 0.00513099 0.108331
0.704151  2.93215 0.00520307 0.108331
0.704151  3.03687 0.00524665 0.108331
0.704151  3.14159 0.00526123 0.108331
0.704151  3.24631 0.00524665 0.108331
0.704151  3.35103 0.00520307 0.108331
0.704151  3.45575 0.00513099 0.108331
0.704151  3.56047 0.00503127 0.108331
0.704151  3.66519 0.00490507 0.108331
0.704151  3.76991 0.00475386 0.108331
0.704151  3.87463 0.00457941 0.108331
0.704151  3.97935 0.00438374 0.108331
0.704151  4.08407 0.00416914 0.108331
0.704151  4.18879 0.00393811 0.108331
0.704151  4.29351 0.00369329 0.108331
0.704151  4.39823 0.00343754 0.108331
0.704151  4.50295 0.00317374 0.108331
0.704151  4.60767 0.00290494 0.108331
0.704151  4.71239 0.00263416 0.108331
0.704151  4.81711 0.00236441 0.108331
0.704151  4.92183 0.00209866 0.108331
0.704151  5.02655 0.00183977 0.108331
0.704151  5.13127 0.00159052 0.108331
0.704151  5.23599 0.0013535 0.108331
0.704151  5.34071 0.00113115 0.108331
0.704151  5.44543 0.000925743 0.108331
0.704151  5.55015 0.00073918 0.108331
0.704151  5.65487 0.000574099 0.108331
0.704151  5.75959 0.000701643 0.108331
0.704151  5.86431 0.000922045 0.108331
0.704151  5.96903 0.00110161 0.108331
0.704151  6.07375 0.00123425 0.108331
0.704151  0 0 0.108331
0.812482  0 0 0.108331
0.812482  0.10472 0 0.108331
0.812482  0.20944 0 0.108331
0.812482  0.314159 0 0.108331
0.812482  0.418879 0 0.108331
0.812482  0.523599 0.00119095 0.108331
0.812482  0.628319 0.000866749 0.108331
0.812482  0.733038 0.000390638 0.108331
0.812482  0.837758 0.000646519 0.108331
0.812482  0.942478 0.000926595 0.108331
0.812482  1.0472 0.00122693 0.108331
0.812482  1.15192 0.00154499 0.108331
0.812482  1.25664 0.00187778 0.108331
0.812482  1.36136 0.00222206 0.108331
0.812482  1.46608 0.00257443 0.108331
0.812482  1.5708 0.00293127 0.108331
0.812482  1.67552 0.00328883 0.108331
0.812482  1.78024 0.00364327 0.108331
0.812482  1.88496 0.00399072 0.108331
0.812482  1.98968 0.00432729 0.108331
0.812482  2.0944 0.0046492 0.108331
0.812482  2.19911 0.00495285 0.108331
0.812482  2.30383 0.00523474 0.108331
0.812482  2.40855 0.00549165 0.108331
0.812482  2.51327 0.00572064 0.108331
0.812482  2.61799 0.00591906 0.108331
0.812482  2.72271 0.00608463 0.108331
0.812482  2.82743 0.00621544 0.108331
0.812482  2.93215 0.00630997 0.108331
0.812482  3.03687 0.00636712 0.108331
0.812482  3.14159 0.00638625 0.108331
0.812482  3.24631 0.00636712 0.108331
0.812482  3.35103 0.00630997 0.108331
0.812482  3.45575 0.00621544 0.108331
0.812482  3.56047 0.00608463 0.108331
0.812482  3.66519 0.00591906 0.108331
0.812482  3.76991 0.00572064 0.108331
0.812482  3.87463 0.00549165 0.108331
0.812482  3.97935 0.00523474 0.108331
0.812482  4.08407 0.00495285 0.108331
0.812482  4.18879 0.0046492 0.108331
0.812482  4.29351 0.00432729 0.108331
0.812482  4.39823 0.00399072 0.108331
0.812482  4.50295 0.00364327 0.108331
0.812482  4.60767 0.00328883 0.108331
0.812482  4.71239 0.00293127 0.108331
0.812482  4.81711 0.00257443 0.108331
0.812482  4.92183 0.00222206 0.108331
0.812482  5.02655 0.00187778 0.108331
0.812482  5.13127 0.00154499 0.108331
0.812482  5.23599 0.00122693 0.108331
0.812482  5.34071 0.000926595 0.108331
0.812482  5.44543 0.000646519 0.108331
0.812482  5.55015 0.000390638 0.108331
0.812482  5.65487 0.000866749 0.108331
0.812482  5.75959 0.00119095 0.108331
0.812482  5.86431 0 0.108331
0.812482  5.96903 0 0.108331
0.812482  6.07375 0 0.108331
0.812482  0 0 0.108331
0.920812  0 0 0.108331
0.920812  0.10472 0 0.108331
0.920812  0.20944 0 0.108331
0.920812  0.314159 0 0.108331
0.920812  0.418879 0 0.108331
0.920812  0.523599 0 0.108331
0.920812  0.628319 0 0.108331
0.920812  0.733038 0.000858512 0.108331
0.920812  0.837758 0.000288581 0.108331
0.920812  0.942478 0.000652973 0.108331
0.920812  1.0472 0.00103934 0.108331
0.920812  1.15192 0.00144485 0.108331
0.920812  1.25664 0.00186656 0.108331
0.920812  1.36136 0.00230091 0.108331
0.920812  1.46608 0.00274403 0.108331
0.920812  1.5708 0.0031917 0.108331
0.920812  1.67552 0.0036395 0.108331
0.920812  1.78024 0.0040828 0.108331
0.920812  1.88496 0.00451689 0.108331
0.920812  1.98968 0.00493709 0.108331
0.920812  2.0944 0.00533873 0.108331
0.920812  2.19911 0.00571737 0.108331
0.920812  2.30383 0.00606875 0.108331
0.920812  2.40855 0.00638889 0.108331
0.920812  2.51327 0.00667415 0.108331
0.920812  2.61799 0.00692128 0.108331
0.920812  2.72271 0.00712746 0.108331
0.920812  2.82743 0.00729032 0.108331
0.920812  2.93215 0.007408 0.108331
0.920812  3.03687 0.00747916 0.108331
0.920812  3.14159 0.00750297 0.108331
0.920812  3.24631 0.00747916 0.108331
0.920812  3.35103 0.007408 0.108331
0.920812  3.45575 0.00729032 0.108331
0.920812  3.56047 0.00712746 0.108331
0.920812  3.66519 0.00692128 0.108331
0.920812  3.76991 0.00667415 0.108331
0.920812  3.87463 0.00638889 0.108331
0.920812  3.97935 0.00606875 0.108331
0.920812  4.08407 0.00571737 0.108331
0.920812  4.18879 0.00533873 0.108331
0.920812  4.29351 0.00493709 0.108331
0.920812  4.39823 0.00451689 0.108331
0.920812  4.50295 0.0040828 0.108331
0.920812  4.60767 0.0036395 0.108331
0.920812  4.71239 0.0031917 0.108331
0.920812  4.81711 0.00274403 0.108331
0.920812  4.92183 0.00230091 0.108331
0.920812  5.02655 0.00186656 0.108331
0.920812  5.13127 0.00144485 0.108331
0.920812  5.23599 0.00103934 0.108331
0.920812  5.34071 0.000652973 0.108331
0.920812  5.44543 0.000288581 0.108331
0.920812  5.55015 0.000858512 0.108331
0.920812  5.65487 0 0.108331
0.920812  5.75959 0 0.108331
0.920812  5.86431 0 0.108331
0.920812  5.96903 0 0.108331
0.920812  6.07375 0 0.108331
0.920812  0 0 0.108331
1.02914  0 0 0.108331
1.02914  0.10472 0 0.108331
1.02914  0.20944 0 0.108331
1.02914  0.314159 0 0.108331
1.02914  0.418879 0 0.108331
1.02914  0.523599 0 0.108331
1.02914  0.628319 0 0.108331
1.02914  0.733038 0 0.108331
1.02914  0.837758 0.000663307 0.108331
1.02914  0.942478 0.000341841 0.108331
1.02914  1.0472 0.000817621 0.108331
1.02914  1.15192 0.00131176 0.108331
1.02914  1.25664 0.0018222 0.108331
1.02914  1.36136 0.00234558 0.108331
1.02914  1.46608 0.00287783 0.108331
1.02914  1.5708 0.00341437 0.108331
1.02914  1.67552 0.00395021 0.108331
1.02914  1.78024 0.00448007 0.108331
1.02914  1.88496 0.00499846 0.108331
1.02914  1.98968 0.00549994 0.108331
1.02914  2.0944 0.00597905 0.108331
1.02914  2.19911 0.00643054 0.108331
1.02914  2.30383 0.00684938 0.108331
1.02914  2.40855 0.00723089 0.108331
1.02914  2.51327 0.00757076 0.108331
1.02914  2.61799 0.00786515 0.108331
1.02914  2.72271 0.00811073 0.108331
1.02914  2.82743 0.00830469 0.108331
1.02914  2.93215 0.00844484 0.108331
1.02914  3.03687 0.00852957 0.108331
1.02914  3.14159 0.00855792 0.108331
1.02914  3.24631 0.00852957 0.108331
1.02914  3.35103 0.00844484 0.108331
1.02914  3.45575 0.00830469 0.108331
1.02914  3.56047 0.00811073 0.108331
1.02914  3.66519 0.00786515 0.108331
1.02914  3.76991 0.00757076 0.108331
1.02914  3.87463 0.00723089 0.108331
1.02914  3.97935 0.00684938 0.108331
1.02914  4.08407 0.00643054 0.108331
1.02914  4.18879 0.00597905 0.108331
1.02914  4.29351 0.00549994 0.108331
1.02914  4.39823 0.00499846 0.108331
1.02914  4.50295 0.00448007 0.108331
1.02914  4.60767 0.00395021 0.108331
1.02914  4.71239 0.00341437 0.108331
1.02914  4.81711 0.00287783 0.108331
1.02914  4.92183 0.00234558 0.108331
1.02914  5.02655 0.0018222 0.108331
1.02914  5.13127 0.00131176 0.108331
1.02914  5.23599 0.000817621 0.108331
1.02914  5.34071 0.000341841 0.108331
1.02914  5.44543 0.000663307 0.108331
1.02914  5.55015 0 0.108331
1.02914  5.65487 0 0.108331
1.02914  5.75959 0 0.108331
1.02914  5.86431 0 0.108331
1.02914  5.96903 0 0.108331
1.02914  6.07375 0 0.108331
1.02914  0 0 0.108331
1.13747  0 0 0.108331
1.13747  0.10472 0 0.108331
1.13747  0.20944 0 0.108331
1.13747  0.314159 0 0.108331
1.13747  0.418879 0 0.108331
1.13747  0.523599 0 0.108331
1.13747  0.628319 0 0.108331
1.13747  0.733038 0 0.108331
1.13747  0.837758 0 0.108331
1.13747  0.942478 0.000290949 0.108331
1.13747  1.0472 0.00059026 0.108331
1.13747  1.15192 0.0011682 0.108331
1.13747  1.25664 0.0017612 0.108331
1.13747  1.36136 0.00236664 0.108331
1.13747  1.46608 0.0029806 0.108331
1.13747  1.5708 0.00359833 0.108331
1.13747  1.67552 0.00421443 0.108331
1.13747  1.78024 0.00482311 0.108331
1.13747  1.88496 0.00541822 0.108331
1.13747  1.98968 0.0059936 0.108331
1.13747  2.0944 0.00654313 0.108331
1.13747  2.19911 0.00706083 0.108331
1.13747  2.30383 0.00754098 0.108331
1.13747  2.40855 0.00797825 0.108331
1.13747  2.51327 0.00836775 0.108331
1.13747  2.61799 0.00870508 0.108331
1.13747  2.72271 0.00898644 0.108331
1.13747  2.82743 0.00920866 0.108331
1.13747  2.93215 0.00936921 0.108331
1.13747  3.03687 0.00946628 0.108331
1.13747  3.14159 0.00949875 0.108331
1.13747  3.24631 0.00946628 0.108331
1.13747  3.35103 0.00936921 0.108331
1.13747  3.45575 0.00920866 0.108331
1.13747  3.56047 0.00898644 0.108331
1.13747  3.66519 0.00870508 0.108331
1.13747  3.76991 0.00836775 0.108331
1.13747  3.87463 0.00797825 0.108331
1.13747  3.97935 0.00754098 0.108331
1.13747  4.08407 0.00706083 0.108331
1.13747  4.18879 0.00654313 0.108331
1.13747  4.29351 0.0059936 0.108331
1.13747  4.39823 0.00541822 0.108331
1.13747  4.50295 0.00482311 0.108331
1.13747  4.60767 0.00421443 0.108331
1.13747  4.71239 0.00359833 0.108331
1.13747  4.81711 0.0029806 0.108331
1.13747  4.92183 0.00236664 0.108331
1.13747  5.02655 0.0017612 0.108331
1.13747  5.13127 0.0011682 0.108331
1.13747  5.23599 0.00059026 0.108331
1.13747  5.34071 0.000290949 0.108331
1.13747  5.44543 0 0.108331
1.13747  5.55015 0 0.108331
1.13747  5.65487 0 0.108331
1.13747  5.75959 0 0.108331
1.13747  5.86431 0 0.108331
1.13747  5.96903 0 0.108331
1.13747  6.07375 0 0.108331
1.13747  0 0 0.108331
1.2458  0 0 0.108331
1.2458  0.10472 0 0.108331
1.2458  0.20944 0 0.108331
1.2458  0.314159 0 0.108331
1.2458  0.418879 0 0.108331
1.2458  0.523599 0 0.108331
1.2458  0.628319 0 0.108331
1.2458  0.733038 0 0.108331
1.2458  0.837758 0 0.108331
1.2458  0.942478 0.000445037 0.108331
1.2458  1.0472 0.000383852 0.108331
1.2458  1.15192 0.00103469 0.108331
1.2458  1.25664 0.00169836 0.108331
1.2458  1.36136 0.00237347 0.108331
1.2458  1.46608 0.00305649 0.108331
1.2458  1.5708 0.00374266 0.108331
1.2458  1.67552 0.00442634 0.108331
1.2458  1.78024 0.0051013 0.108331
1.2458  1.88496 0.00576091 0.108331
1.2458  1.98968 0.00639841 0.108331
1.2458  2.0944 0.00700712 0.108331
1.2458  2.19911 0.00758044 0.108331
1.2458  2.30383 0.00811211 0.108331
1.2458  2.40855 0.00859623 0.108331
1.2458  2.51327 0.00902741 0.108331
1.2458  2.61799 0.00940081 0.108331
1.2458  2.72271 0.00971225 0.108331
1.2458  2.82743 0.0099582 0.108331
1.2458  2.93215 0.0101359 0.108331
1.2458  3.03687 0.0102433 0.108331
1.2458  3.14159 0.0102793 0.108331
1.2458  3.24631 0.0102433 0.108331
1.2458  3.35103 0.0101359 0.108331
1.2458  3.45575 0.0099582 0.108331
1.2458  3.56047 0.00971225 0.108331
1.2458  3.66519 0.00940081 0.108331
1.2458  3.76991 0.00902741 0.108331
1.2458  3.87463 0.00859623 0.108331
1.2458  3.97935 0.00811211 0.108331
1.2458  4.08407 0.00758044 0.108331
1.2458  4.18879 0.00700712 0.108331
1.2458  4.29351 0.00639841 0.108331
1.2458  4.39823 0.00576091 0.108331
1.2458  4.50295 0.0051013 0.108331
1.2458  4.60767 0.00442634 0.108331
1.2458  4.71239 0.00374266 0.108331
1.2458  4.81711 0.00305649 0.108331
1.2458  4.92183 0.00237347 0.108331
1.2458  5.02655 0.00169836 0.108331
1.2458  5.13127 0.00103469 0.108331
1.2458  5.23599 0.000383852 0.108331
1.2458  5.34071 0.000445037 0.108331
1.2458  5.44543 0 0.108331
1.2458  5.55015 0 0.108331
1.2458  5.65487 0 0.108331
1.2458  5.75959 0 0.108331
1.2458  5.86431 0 0.108331
1.2458  5.96903 0 0.108331
1.2458  6.07375 0 0.108331
1.2458  0 0 0.108331
1.35414  0 0 0.108331
1.35414  0.10472 0 0.108331
1.35414  0.20944 0 0.108331
1.35414  0.314159 0 0.108331
1.35414  0.418879 0 0.108331
1.35414  0.523599 0 0.108331
1.35414  0.628319 0 0.108331
1.35414  0.733038 0 0.108331
1.35414  0.837758 0 0.108331
1.35414  0.942478 0 0.108331
1.35414  1.0472 0.000220438 0.108331
1.35414  1.15192 0.000927721 0.108331
1.35414  1.25664 0.0016454 0.108331
1.35414  1.36136 0.00237341 0.108331
1.35414  1.46608 0.00310868 0.108331
1.35414  1.5708 0.00384653 0.108331
1.35414  1.67552 0.00458117 0.108331
1.35414  1.78024 0.00530611 0.108331
1.35414  1.88496 0.00601432 0.108331
1.35414  1.98968 0.00669865 0.108331
1.35414  2.0944 0.00735194 0.108331
1.35414  2.19911 0.00796719 0.108331
1.35414  2.30383 0.00853768 0.108331
1.35414  2.40855 0.00905711 0.108331
1.35414  2.51327 0.00951971 0.108331
1.35414  2.61799 0.0099203 0.108331
1.35414  2.72271 0.0102544 0.108331
1.35414  2.82743 0.0105182 0.108331
1.35414  2.93215 0.0107089 0.108331
1.35414  3.03687 0.0108241 0.108331
1.35414  3.14159 0.0108626 0.108331
1.35414  3.24631 0.0108241 0.108331
1.35414  3.35103 0.0107089 0.108331
1.35414  3.45575 0.0105182 0.108331
1.35414  3.56047 0.0102544 0.108331
1.35414  3.66519 0.0099203 0.108331
1.35414  3.76991 0.00951971 0.108331
1.35414  3.87463 0.00905711 0.108331
1.35414  3.97935 0.00853768 0.108331
1.35414  4.08407 0.00796719 0.108331
1.35414  4.18879 0.00735194 0.108331
1.35414  4.29351 0.00669865 0.108331
1.35414  4.39823 0.00601432 0.108331
1.35414  4.50295 0.00530611 0.108331
1.35414  4.60767 0.00458117 0.108331
1.35414  4.71239 0.00384653 0.108331
1.35414  4.81711 0.00310868 0.108331
1.35414  4.92183 0.00237341 0.108331
1.35414  5.02655 0.0016454 0.108331
1.35414  5.13127 0.000927721 0.108331
1.35414  5.23599 0.000220438 0.108331
1.35414  5.34071 0 0.108331
1.35414  5.44543 0 0.108331
1.35414  5.55015 0 0.108331
1.35414  5.65487 0 0.108331
1.35414  5.75959 0 0.108331
1.35414  5.86431 0 0.108331
1.35414  5.96903 0 0.108331
1.35414  6.07375 0 0.108331
1.35414  0 0 0.108331
1.46247  0 0 0.108331
1.46247  0.10472 0 0.108331
1.46247  0.20944 0 0.108331
1.46247  0.314159 0 0.108331
1.46247  0.418879 0 0.108331
1.46247  0.523599 0 0.108331
1.46247  0.628319 0 0.108331
1.46247  0.733038 0 0.108331
1.46247  0.837758 0 0.108331
1.46247  0.942478 0 0.108331
1.46247  1.0472 0.000116044 0.108331
1.46247  1.15192 0.000859006 0.108331
1.46247  1.25664 0.0016105 0.108331
1.46247  1.36136 0.00237149 0.108331
1.46247  1.46608 0.00313924 0.108331
1.46247  1.5708 0.00390918 0.108331
1.46247  1.67552 0.00467546 0.108331
1.46247  1.78024 0.0054314 0.108331
1.46247  1.88496 0.00616977 0.108331
1.46247  1.98968 0.00688315 0.108331
1.46247  2.0944 0.00756412 0.108331
1.46247  2.19911 0.00820538 0.108331
1.46247  2.30383 0.00879995 0.108331
1.46247  2.40855 0.00934129 0.108331
1.46247  2.51327 0.00982338 0.108331
1.46247  2.61799 0.0102408 0.108331
1.46247  2.72271 0.010589 0.108331
1.46247  2.82743 0.010864 0.108331
1.46247  2.93215 0.0110626 0.108331
1.46247  3.03687 0.0111827 0.108331
1.46247  3.14159 0.0112228 0.108331
1.46247  3.24631 0.0111827 0.108331
1.46247  3.35103 0.0110626 0.108331
1.46247  3.45575 0.010864 0.108331
1.46247  3.56047 0.010589 0.108331
1.46247  3.66519 0.0102408 0.108331
1.46247  3.76991 0.00982338 0.108331
1.46247  3.87463 0.00934129 0.108331
1.46247  3.97935 0.00879995 0.108331
1.46247  4.08407 0.00820538 0.108331
1.46247  4.18879 0.00756412 0.108331
1.46247  4.29351 0.00688315 0.108331
1.46247  4.39823 0.00616977 0.108331
1.46247  4.50295 0.0054314 0.108331
1.46247  4.60767 0.00467546 0.108331
1.46247  4.71239 0.00390918 0.108331
1.46247  4.81711 0.00313924 0.108331
1.46247  4.92183 0.00237149 0.108331
1.46247  5.02655 0.0016105 0.108331
1.46247  5.13127 0.000859006 0.108331
1.46247  5.23599 0.000116044 0.108331
1.46247  5.34071 0 0.108331
1.46247  5.44543 0 0.108331
1.46247  5.55015 0 0.108331
1.46247  5.65487 0 0.108331
1.46247  5.75959 0 0.108331
1.46247  5.86431 0 0.108331
1.46247  5.96903 0 0.108331
1.46247  6.07375 0 0.108331
1.46247  0 0 0.108331
1.5708  0 0 0.108331
1.5708  0.10472 0 0.108331
1.5708  0.20944 0 0.108331
1.5708  0.314159 0 0.108331
1.5708  0.418879 0 0.108331
1.5708  0.523599 0 0.108331
1.5708  0.628319 0 0.108331
1.5708  0.733038 0 0.108331
1.5708  0.837758 0 0.108331
1.5708  0.942478 0 0.108331
1.5708  1.0472 8.01826e-05 0.108331
1.5708  1.15192 0.000835361 0.108331
1.5708  1.25664 0.00159837 0.108331
1.5708  1.36136 0.00237055 0.108331
1.5708  1.46608 0.00314931 0.108331
1.5708  1.5708 0.00393012 0.108331
1.5708  1.67552 0.00470712 0.108331
1.5708  1.78024 0.00547357 0.108331
1.5708  1.88496 0.00622215 0.108331
1.5708  1.98968 0.00694537 0.108331
1.5708  2.0944 0.00763571 0.108331
1.5708  2.19911 0.00828578 0.108331
1.5708  2.30383 0.00888851 0.108331
1.5708  2.40855 0.00943727 0.108331
1.5708  2.51327 0.00992597 0.108331
1.5708  2.61799 0.0103491 0.108331
1.5708  2.72271 0.0107021 0.108331
1.5708  2.82743 0.0109808 0.108331
1.5708  2.93215 0.0111821 0.108331
1.5708  3.03687 0.0113038 0.108331
1.5708  3.14159 0.0113446 0.108331
1.5708  3.24631 0.0113038 0.108331
1.5708  3.35103 0.0111821 0.108331
1.5708  3.45575 0.0109808 0.108331
1.5708  3.56047 0.0107021 0.108331
1.5708  3.66519 0.0103491 0.108331
1.5708  3.76991 0.00992597 0.108331
1.5708  3.87463 0.00943727 0.108331
1.5708  3.97935 0.00888851 0.108331
1.5708  4.08407 0.00828578 0.108331
1.5708  4.18879 0.00763571 0.108331
1.5708  4.29351 0.00694537 0.108331
1.5708  4.39823 0.00622215 0.108331
1.5708  4.50295 0.00547357 0.108331
1.5708  4.60767 0.00470712 0.108331
1.5708  4.71239 0.00393012 0.108331
1.5708  4.81711 0.00314931 0.108331
1.5708  4.92183 0.00237055 0.108331
1.5708  5.02655 0.00159837 0.108331
1.5708  5.13127 0.000835361 0.108331
1.5708  5.23599 8.01826e-05 0.108331
1.5708  5.34071 0 0.108331
1.5708  5.44543 0 0.108331
1.5708  5.55015 0 0.108331
1.5708  5.65487 0 0.108331
1.5708  5.75959 0 0.108331
1.5708  5.86431 0 0.108331
1.5708  5.96903 0 0.108331
1.5708  6.07375 0 0.108331
1.5708  0 0 0.108331
1.62496  0 0 0.108331
1.62496  0.10472 0 0.108331
1.62496  0.20944 0 0.108331
1.62496  0.314159 0 0.108331
1.62496  0.418879 0 0.108331
1.62496  0.523599 0 0.108331
1.62496  0.628319 0 0.108331
1.62496  0.733038 0 0.108331
1.62496  0.837758 0 0.108331
1.62496  0.942478 0 0.108331
1.62496  1.0472 8.47002e-05 0.108331
1.62496  1.15192 0.000837901 0.108331
1.62496  1.25664 0.00159899 0.108331
1.62496  1.36136 0.00236923 0.108331
1.62496  1.46608 0.00314604 0.108331
1.62496  1.5708 0.00392489 0.108331
1.62496  1.67552 0.0046999 0.108331
1.62496  1.78024 0.00546439 0.108331
1.62496  1.88496 0.00621104 0.108331
1.62496  1.98968 0.00693239 0.108331
1.62496  2.0944 0.00762092 0.108331
1.62496  2.19911 0.0082693 0.108331
1.62496  2.30383 0.00887045 0.108331
1.62496  2.40855 0.00941777 0.108331
1.62496  2.51327 0.00990518 0.108331
1.62496  2.61799 0.0103272 0.108331
1.62496  2.72271 0.0106792 0.108331
1.62496  2.82743 0.0109572 0.108331
1.62496  2.93215 0.011158 0.108331
1.62496  3.03687 0.0112794 0.108331
1.62496  3.14159 0.01132 0.108331
1.62496  3.24631 0.0112794 0.108331
1.62496  3.35103 0.011158 0.108331
1.62496  3.45575 0.0109572 0.108331
1.62496  3.56047 0.0106792 0.108331
1.62496  3.66519 0.0103272 0.108331
1.62496  3.76991 0.00990518 0.108331
1.62496  3.87463 0.00941777 0.108331
1.62496  3.97935 0.00887045 0.108331
1.62496  4.08407 0.0082693 0.108331
1.62496  4.18879 0.00762092 0.108331
1.62496  4.29351 0.00693239 0.108331
1.62496  4.39823 0.00621104 0.108331
1.62496  4.50295 0.00546439 0.108331
1.62496  4.60767 0.0046999 0.108331
1.62496  4.71239 0.00392489 0.108331
1.62496  4.81711 0.00314604 0.108331
1.62496  4.92183 0.00236923 0.108331
1.62496  5.02655 0.00159899 0.108331
1.62496  5.13127 0.000837901 0.108331
1.62496  5.23599 8.47002e-05 0.108331
1.62496  5.34071 0 0.108331
1.62496  5.44543 0 0.108331
1.62496  5.55015 0 0.108331
1.62496  5.65487 0 0.108331
1.62496  5.75959 0 0.108331
1.62496  5.86431 0 0.108331
1.62496  5.96903 0 0.108331
1.62496  6.07375 0 0.108331
1.62496  0 0 0.108331
1.73329  0 0 0.108331
1.73329  0.10472 0 0.108331
1.73329  0.20944 0 0.108331
1.73329  0.314159 0 0.108331
1.73329  0.418879 0 0.108331
1.73329  0.523599 0 0.108331
1.73329  0.628319 0 0.108331
1.73329  0.733038 0 0.108331
1.73329  0.837758 0 0.108331
1.73329  0.942478 0 0.108331
1.73329  1.0472 0.000120144 0.108331
1.73329  1.15192 0.000857715 0.108331
1.73329  1.25664 0.00160356 0.108331
1.73329  1.36136 0.00235849 0.108331
1.73329  1.46608 0.00311982 0.108331
1.73329  1.5708 0.00388304 0.108331
1.73329  1.67552 0.0046424 0.108331
1.73329  1.78024 0.00539132 0.108331
1.73329  1.88496 0.00612269 0.108331
1.73329  1.98968 0.00682917 0.108331
1.73329  2.0944 0.00750346 0.108331
1.73329  2.19911 0.00813836 0.108331
1.73329  2.30383 0.00872699 0.108331
1.73329  2.40855 0.00926288 0.108331
1.73329  2.51327 0.00974009 0.108331
1.73329  2.61799 0.0101533 0.108331
1.73329  2.72271 0.0104979 0.108331
1.73329  2.82743 0.01077 0.108331
1.73329  2.93215 0.0109666 0.108331
1.73329  3.03687 0.0110855 0.108331
1.73329  3.14159 0.0111252 0.108331
1.73329  3.24631 0.0110855 0.108331
1.73329  3.35103 0.0109666 0.108331
1.73329  3.45575 0.01077 0.108331
1.73329  3.56047 0.0104979 0.108331
1.73329  3.66519 0.0101533 0.108331
1.73329  3.76991 0.00974009 0.108331
1.73329  3.87463 0.00926288 0.108331
1.73329  3.97935 0.00872699 0.108331
1.73329  4.08407 0.00813836 0.108331
1.73329  4.18879 0.00750346 0.108331
1.73329  4.29351 0.00682917 0.108331
1.73329  4.39823 0.00612269 0.108331
1.73329  4.50295 0.00539132 0.108331
1.73329  4.60767 0.0046424 0.108331
1.73329  4.71239 0.00388304 0.108331
1.73329  4.81711 0.00311982 0.108331
1.73329  4.92183 0.00235849 0.108331
1.73329  5.02655 0.00160356 0.108331
1.73329  5.13127 0.000857715 0.108331
1.73329  5.23599 0.000120144 0.108331
1.73329  5.34071 0 0.108331
1.73329  5.44543 0 0.108331
1.73329  5.55015 0 0.108331
1.73329  5.65487 0 0.108331
1.73329  5.75959 0 0.108331
1.73329  5.86431 0 0.108331
1.73329  5.96903 0 0.108331
1.73329  6.07375 0 0.108331
1.73329  0 0 0.108331
1.84162  0 0 0.108331
1.84162  0.10472 0 0.108331
1.84162  0.20944 0 0.108331
1.84162  0.314159 0 0.108331
1.84162  0.418879 0 0.108331
1.84162  0.523599 0 0.108331
1.84162  0.628319 0 0.108331
1.84162  0.733038 0 0.108331
1.84162  0.837758 0 0.108331
1.84162  0.942478 0 0.108331
1.84162  1.0472 0.000187607 0.108331
1.84162  1.15192 0.000894779 0.108331
1.84162  1.25664 0.00161087 0.108331
1.84162  1.36136 0.0023359 0.108331
1.84162  1.46608 0.00306699 0.108331
1.84162  1.5708 0.0037997 0.108331
1.84162  1.67552 0.00452848 0.108331
1.84162  1.78024 0.00524704 0.108331
1.84162  1.88496 0.00594855 0.108331
1.84162  1.98968 0.00662604 0.108331
1.84162  2.0944 0.00727253 0.108331
1.84162  2.19911 0.00788115 0.108331
1.84162  2.30383 0.00844534 0.108331
1.84162  2.40855 0.00895892 0.108331
1.84162  2.51327 0.00941622 0.108331
1.84162  2.61799 0.00981217 0.108331
1.84162  2.72271 0.0101424 0.108331
1.84162  2.82743 0.0104031 0.108331
1.84162  2.93215 0.0105914 0.108331
1.84162  3.03687 0.0107053 0.108331
1.84162  3.14159 0.0107434 0.108331
1.84162  3.24631 0.0107053 0.108331
1.84162  3.35103 0.0105914 0.108331
1.84162  3.45575 0.0104031 0.108331
1.84162  3.56047 0.0101424 0.108331
1.84162  3.66519 0.00981217 0.108331
1.84162  3.76991 0.00941622 0.108331
1.84162  3.87463 0.00895892 0.108331
1.84162  3.97935 0.00844534 0.108331
1.84162  4.08407 0.00788115 0.108331
1.84162  4.18879 0.00727253 0.108331
1.84162  4.29351 0.00662604 0.108331
1.84162  4.39823 0.00594855 0.108331
1.84162  4.50295 0.00524704 0.108331
1.84162  4.60767 0.00452848 0.108331
1.84162  4.71239 0.0037997 0.108331
1.84162  4.81711 0.00306699 0.108331
1.84162  4.92183 0.0023359 0.108331
1.84162  5.02655 0.00161087 0.108331
1.84162  5.13127 0.000894779 0.108331
1.84162  5.23599 0.000187607 0.108331
1.84162  5.34071 0 0.108331
1.84162  5.44543 0 0.108331
1.84162  5.55015 0 0.108331
1.84162  5.65487 0 0.108331
1.84162  5.75959 0 0.108331
1.84162  5.86431 0 0.108331
1.84162  5.96903 0 0.108331
1.84162  6.07375 0 0.108331
1.84162  0 0 0.108331
1.94995  0 0 0.108331
1.94995  0.10472 0 0.108331
1.94995  0.20944 0 0.108331
1.94995  0.314159 0 0.108331
1.94995  0.418879 0 0.108331
1.94995  0.523599 0 0.108331
1.94995  0.628319 0 0.108331
1.94995  0.733038 0 0.108331
1.94995  0.837758 0 0.108331
1.94995  0.942478 0.000117587 0.108331
1.94995  1.0472 0.000281062 0.108331
1.94995  1.15192 0.000944561 0.108331
1.94995  1.25664 0.00161769 0.108331
1.94995  1.36136 0.00229947 0.108331
1.94995  1.46608 0.00298685 0.108331
1.94995  1.5708 0.0036755 0.108331
1.94995  1.67552 0.00436014 0.108331
1.94995  1.78024 0.00503487 0.108331
1.94995  1.88496 0.00569331 0.108331
1.94995  1.98968 0.00632899 0.108331
1.94995  2.0944 0.00693539 0.108331
1.94995  2.19911 0.00750613 0.108331
1.94995  2.30383 0.00803508 0.108331
1.94995  2.40855 0.0085165 0.108331
1.94995  2.51327 0.00894512 0.108331
1.94995  2.61799 0.00931618 0.108331
1.94995  2.72271 0.00962559 0.108331
1.94995  2.82743 0.0098699 0.108331
1.94995  2.93215 0.0100464 0.108331
1.94995  3.03687 0.0101531 0.108331
1.94995  3.14159 0.0101888 0.108331
1.94995  3.24631 0.0101531 0.108331
1.94995  3.35103 0.0100464 0.108331
1.94995  3.45575 0.0098699 0.108331
1.94995  3.56047 0.00962559 0.108331
1.94995  3.66519 0.00931618 0.108331
1.94995  3.76991 0.00894512 0.108331
1.94995  3.87463 0.0085165 0.108331
1.94995  3.97935 0.00803508 0.108331
1.94995  4.08407 0.00750613 0.108331
1.94995  4.18879 0.00693539 0.108331
1.94995  4.29351 0.00632899 0.108331
1.94995  4.39823 0.00569331 0.108331
1.94995  4.50295 0.00503487 0.108331
1.94995  4.60767 0.00436014 0.108331
1.94995  4.71239 0.0036755 0.108331
1.94995  4.81711 0.00298685 0.108331
1.94995  4.92183 0.00229947 0.108331
1.94995  5.02655 0.00161769 0.108331
1.94995  5.13127 0.000944561 0.108331
1.94995  5.23599 0.000281062 0.108331
1.94995  5.34071 0.000117587 0.108331
1.94995  5.44543 0 0.108331
1.94995  5.55015 0 0.108331
1.94995  5.65487 0 0.108331
1.94995  5.75959 0 0.108331
1.94995  5.86431 0 0.108331
1.94995  5.96903 0 0.108331
1.94995  6.07375 0 0.108331
1.94995  0 0 0.108331
2.05829  0 0 0.108331
2.05829  0.10472 0 0.108331
2.05829  0.20944 0 0.108331
2.05829  0.314159 0 0.108331
2.05829  0.418879 0 0.108331
2.05829  0.523599 0 0.108331
2.05829  0.628319 0 0.108331
2.05829  0.733038 0 0.108331
2.05829  0.837758 0.000312399 0.108331
2.05829  0.942478 0 0.108331
2.05829  1.0472 0.000393077 0.108331
2.05829  1.15192 0.00100142 0.108331
2.05829  1.25664 0.00161993 0.108331
2.05829  1.36136 0.00224671 0.108331
2.05829  1.46608 0.00287854 0.108331
2.05829  1.5708 0.00351124 0.108331
2.05829  1.67552 0.0041399 0.108331
2.05829  1.78024 0.00475909 0.108331
2.05829  1.88496 0.00536301 0.108331
2.05829  1.98968 0.00594578 0.108331
2.05829  2.0944 0.00650147 0.108331
2.05829  2.19911 0.00702429 0.108331
2.05829  2.30383 0.0075087 0.108331
2.05829  2.40855 0.00794947 0.108331
2.05829  2.51327 0.00834181 0.108331
2.05829  2.61799 0.00868143 0.108331
2.05829  2.72271 0.00896457 0.108331
2.05829  2.82743 0.00918813 0.108331
2.05829  2.93215 0.0093496 0.108331
2.05829  3.03687 0.00944721 0.108331
2.05829  3.14159 0.00947987 0.108331
2.05829  3.24631 0.00944721 0.108331
2.05829  3.35103 0.0093496 0.108331
2.05829  3.45575 0.00918813 0.108331
2.05829  3.56047 0.00896457 0.108331
2.05829  3.66519 0.00868143 0.108331
2.05829  3.76991 0.00834181 0.108331
2.05829  3.87463 0.00794947 0.108331
2.05829  3.97935 0.0075087 0.108331
2.05829  4.08407 0.00702429 0.108331
2.05829  4.18879 0.00650147 0.108331
2.05829  4.29351 0.00594578 0.108331
2.05829  4.39823 0.00536301 0.108331
2.05829  4.50295 0.00475909 0.108331
2.05829  4.60767 0.0041399 0.108331
2.05829  4.71239 0.00351124 0.108331
2.05829  4.81711 0.00287854 0.108331
2.05829  4.92183 0.00224671 0.108331
2.05829  5.02655 0.00161993 0.108331
2.05829  5.13127 0.00100142 0.108331
2.05829  5.23599 0.000393077 0.108331
2.05829  5.34071 0 0.108331
2.05829  5.44543 0.000312399 0.108331
2.05829  5.55015 0 0.108331
2.05829  5.65487 0 0.108331
2.05829  5.75959 0 0.108331
2.05829  5.86431 0 0.108331
2.05829  5.96903 0 0.108331
2.05829  6.07375 0 0.108331
2.05829  0 0 0.108331
2.16662  0 0 0.108331
2.16662  0.10472 0 0.108331
2.16662  0.20944 0 0.108331
2.16662  0.314159 0 0.108331
2.16662  0.418879 0 0.108331
2.16662  0.523599 0 0.108331
2.16662  0.628319 0 0.108331
2.16662  0.733038 0.000287379 0.108331
2.16662  0.837758 0 0.108331
2.16662  0.942478 0 0.108331
2.16662  1.0472 0.00051568 0.108331
2.16662  1.15192 0.00105923 0.108331
2.16662  1.25664 0.00161314 0.108331
2.16662  1.36136 0.00217486 0.108331
2.16662  1.46608 0.00274108 0.108331
2.16662  1.5708 0.00330782 0.108331
2.16662  1.67552 0.00387057 0.108331
2.16662  1.78024 0.00442448 0.108331
2.16662  1.88496 0.00496437 0.108331
2.16662  1.98968 0.00548507 0.108331
2.16662  2.0944 0.0059813 0.108331
2.16662  2.19911 0.00644797 0.108331
2.16662  2.30383 0.00688019 0.108331
2.16662  2.40855 0.00727336 0.108331
2.16662  2.51327 0.00762323 0.108331
2.16662  2.61799 0.00792603 0.108331
2.16662  2.72271 0.00817844 0.108331
2.16662  2.82743 0.00837769 0.108331
2.16662  2.93215 0.00852161 0.108331
2.16662  3.03687 0.00860859 0.108331
2.16662  3.14159 0.0086377 0.108331
2.16662  3.24631 0.00860859 0.108331
2.16662  3.35103 0.00852161 0.108331
2.16662  3.45575 0.00837769 0.108331
2.16662  3.56047 0.00817844 0.108331
2.16662  3.66519 0.00792603 0.108331
2.16662  3.76991 0.00762323 0.108331
2.16662  3.87463 0.00727336 0.108331
2.16662  3.97935 0.00688019 0.108331
2.16662  4.08407 0.00644797 0.108331
2.16662  4.18879 0.0059813 0.108331
2.16662  4.29351 0.00548507 0.108331
2.16662  4.39823 0.00496437 0.108331
2.16662  4.50295 0.00442448 0.108331
2.16662  4.60767 0.00387057 0.108331
2.16662  4.71239 0.00330782 0.108331
2.16662  4.81711 0.00274108 0.108331
2.16662  4.92183 0.00217486 0.108331
2.16662  5.02655 0.00161314 0.108331
2.16662  5.13127 0.00105923 0.108331
2.16662  5.23599 0.00051568 0.108331
2.16662  5.34071 0 0.108331
2.16662  5.44543 0 0.108331
2.16662  5.55015 0.000287379 0.108331
2.16662  5.65487 0 0.108331
2.16662  5.75959 0 0.108331
2.16662  5.86431 0 0.108331
2.16662  5.96903 0 0.108331
2.16662  6.07375 0 0.108331
2.16662  0 0 0.108331
2.27495  0 0 0.108331
2.27495  0.10472 0 0.108331
2.27495  0.20944 0 0.108331
2.27495  0.314159 0 0.108331
2.27495  0.418879 0 0.108331
2.27495  0.523599 0 0.108331
2.27495  0.628319 8.67647e-05 0.108331
2.27495  0.733038 0 0.108331
2.27495  0.837758 0 0.108331
2.27495  0.942478 0.000182171 0.108331
2.27495  1.0472 0.00064041 0.108331
2.27495  1.15192 0.00111137 0.108331
2.27495  1.25664 0.00159253 0.108331
2.27495  1.36136 0.00208099 0.108331
2.27495  1.46608 0.00257343 0.108331
2.27495  1.5708 0.00306614 0.108331
2.27495  1.67552 0.0035551 0.108331
2.27495  1.78024 0.00403605 0.108331
2.27495  1.88496 0.00450451 0.108331
2.27495  1.98968 0.00495601 0.108331
2.27495  2.0944 0.00538604 0.108331
2.27495  2.19911 0.00579025 0.108331
2.27495  2.30383 0.00616445 0.108331
2.27495  2.40855 0.00650471 0.108331
2.27495  2.51327 0.00680741 0.108331
2.27495  2.61799 0.00706931 0.108331
2.27495  2.72271 0.00728759 0.108331
2.27495  2.82743 0.00745987 0.108331
2.27495  2.93215 0.00758429 0.108331
2.27495  3.03687 0.00765949 0.108331
2.27495  3.14159 0.00768465 0.108331
2.27495  3.24631 0.00765949 0.108331
2.27495  3.35103 0.00758429 0.108331
2.27495  3.45575 0.00745987 0.108331
2.27495  3.56047 0.00728759 0.108331
2.27495  3.66519 0.00706931 0.108331
2.27495  3.76991 0.00680741 0.108331
2.27495  3.87463 0.00650471 0.108331
2.27495  3.97935 0.00616445 0.108331
2.27495  4.08407 0.00579025 0.108331
2.27495  4.18879 0.00538604 0.108331
2.27495  4.29351 0.00495601 0.108331
2.27495  4.39823 0.00450451 0.108331
2.27495  4.50295 0.00403605 0.108331
2.27495  4.60767 0.0035551 0.108331
2.27495  4.71239 0.00306614 0.108331
2.27495  4.81711 0.00257343 0.108331
2.27495  4.92183 0.00208099 0.108331
2.27495  5.02655 0.00159253 0.108331
2.27495  5.13127 0.00111137 0.108331
2.27495  5.23599 0.00064041 0.108331
2.27495  5.34071 0.000182171 0.108331
2.27495  5.44543 0 0.108331
2.27495  5.55015 0 0.108331
2.27495  5.65487 8.67647e-05 0.108331
2.27495  5.75959 0 0.108331
2.27495  5.86431 0 0.108331
2.27495  5.96903 0 0.108331
2.27495  6.07375 0 0.108331
2.27495  0 0 0.108331
2.38328  0 0 0.108331
2.38328  0.10472 0 0.108331
2.38328  0.20944 0 0.108331
2.38328  0.314159 4.05919e-05 0.108331
2.38328  0.418879 0 0.108331
2.38328  0.523599 0 0.108331
2.38328  0.628319 0 0.108331
2.38328  0.733038 0 0.108331
2.38328  0.837758 1.28096e-05 0.108331
2.38328  0.942478 0.000377373 0.108331
2.38328  1.0472 0.00075748 0.108331
2.38328  1.15192 0.00115021 0.108331
2.38328  1.25664 0.00155263 0.108331
2.38328  1.36136 0.00196174 0.108331
2.38328  1.46608 0.00237438 0.108331
2.38328  1.5708 0.00278722 0.108331
2.38328  1.67552 0.00319673 0.108331
2.38328  1.78024 0.00359929 0.108331
2.38328  1.88496 0.00399116 0.108331
2.38328  1.98968 0.00436858 0.108331
2.38328  2.0944 0.00472784 0.108331
2.38328  2.19911 0.00506534 0.108331
2.38328  2.30383 0.00537763 0.108331
2.38328  2.40855 0.00566148 0.108331
2.38328  2.51327 0.0059139 0.108331
2.38328  2.61799 0.00613224 0.108331
2.38328  2.72271 0.00631416 0.108331
2.38328  2.82743 0.00645772 0.108331
2.38328  2.93215 0.00656139 0.108331
2.38328  3.03687 0.00662404 0.108331
2.38328  3.14159 0.006645 0.108331
2.38328  3.24631 0.00662404 0.108331
2.38328  3.35103 0.00656139 0.108331
2.38328  3.45575 0.00645772 0.108331
2.38328  3.56047 0.00631416 0.108331
2.38328  3.66519 0.00613224 0.108331
2.38328  3.76991 0.0059139 0.108331
2.38328  3.87463 0.00566148 0.108331
2.38328  3.97935 0.00537763 0.108331
2.38328  4.08407 0.00506534 0.108331
2.38328  4.18879 0.00472784 0.108331
2.38328  4.29351 0.00436858 0.108331
2.38328  4.39823 0.00399116 0.108331
2.38328  4.50295 0.00359929 0.108331
2.38328  4.60767 0.00319673 0.108331
2.38328  4.71239 0.00278722 0.108331
2.38328  4.81711 0.00237438 0.108331
2.38328  4.92183 0.00196174 0.108331
2.38328  5.02655 0.00155263 0.108331
2.38328  5.13127 0.00115021 0.108331
2.38328  5.23599 0.00075748 0.108331
2.38328  5.34071 0.000377373 0.108331
2.38328  5.44543 1.28096e-05 0.108331
2.38328  5.55015 0 0.108331
2.38328  5.65487 0 0.108331
2.38328  5.75959 0 0.108331
2.38328  5.86431 0 0.108331
2.38328  5.96903 4.05919e-05 0.108331
2.38328  6.07375 0 0.108331
2.38328  0 0 0.108331
2.49161  0 0 0.108331
2.49161  0.10472 0 0.108331
2.49161  0.20944 0 0.108331
2.49161  0.314159 0 0.108331
2.49161  0.418879 0 0.108331
2.49161  0.523599 0 0.108331
2.49161  0.628319 0 0.108331
2.49161  0.733038 6.54302e-07 0.108331
2.49161  0.837758 0.000268591 0.108331
2.49161  0.942478 0.000554224 0.108331
2.49161  1.0472 0.000854382 0.108331
2.49161  1.15192 0.0011661 0.108331
2.49161  1.25664 0.00148657 0.108331
2.49161  1.36136 0.00181297 0.108331
2.49161  1.46608 0.00214251 0.108331
2.49161  1.5708 0.00247229 0.108331
2.49161  1.67552 0.00279938 0.108331
2.49161  1.78024 0.00312079 0.108331
2.49161  1.88496 0.00343351 0.108331
2.49161  1.98968 0.00373452 0.108331
2.49161  2.0944 0.00402091 0.108331
2.49161  2.19911 0.00428979 0.108331
2.49161  2.30383 0.00453848 0.108331
2.49161  2.40855 0.00476441 0.108331
2.49161  2.51327 0.00496526 0.108331
2.49161  2.61799 0.00513892 0.108331
2.49161  2.72271 0.00528359 0.108331
2.49161  2.82743 0.00539773 0.108331
2.49161  2.93215 0.00548013 0.108331
2.49161  3.03687 0.00552993 0.108331
2.49161  3.14159 0.00554659 0.108331
2.49161  3.24631 0.00552993 0.108331
2.49161  3.35103 0.00548013 0.108331
2.49161  3.45575 0.00539773 0.108331
2.49161  3.56047 0.00528359 0.108331
2.49161  3.66519 0.00513892 0.108331
2.49161  3.76991 0.00496526 0.108331
2.49161  3.87463 0.00476441 0.108331
2.49161  3.97935 0.00453848 0.108331
2.49161  4.08407 0.00428979 0.108331
2.49161  4.18879 0.00402091 0.108331
2.49161  4.29351 0.00373452 0.108331
2.49161  4.39823 0.00343351 0.108331
2.49161  4.50295 0.00312079 0.108331
2.49161  4.60767 0.00279938 0.108331
2.49161  4.71239 0.00247229 0.108331
2.49161  4.81711 0.00214251 0.108331
2.49161  4.92183 0.00181297 0.108331
2.49161  5.02655 0.00148657 0.108331
2.49161  5.13127 0.0011661 0.108331
2.49161  5.23599 0.000854382 0.108331
2.49161  5.34071 0.000554224 0.108331
2.49161  5.44543 0.000268591 0.108331
2.49161  5.55015 6.54302e-07 0.108331
2.49161  5.65487 0 0.108331
2.49161  5.75959 0 0.108331
2.49161  5.86431 0 0.108331
2.49161  5.96903 0 0.108331
2.49161  6.07375 0 0.108331
2.49161  0 0 0.108331
2.59994  0 0 0.108331
2.59994  0.10472 0 0.108331
2.59994  0.20944 0 0.108331
2.59994  0.314159 0 0.108331
2.59994  0.418879 0 0.108331
2.59994  0.523599 0 0.108331
2.59994  0.628319 0.000110825 0.108331
2.59994  0.733038 0.000288421 0.108331
2.59994  0.837758 0.000483441 0.108331
2.59994  0.942478 0.000693178 0.108331
2.59994  1.0472 0.000915071 0.108331
2.59994  1.15192 0.00114667 0.108331
2.59994  1.25664 0.0013856 0.108331
2.59994  1.36136 0.00162953 0.108331
2.59994  1.46608 0.00187615 0.108331
2.59994  1.5708 0.00212314 0.108331
2.59994  1.67552 0.00236818 0.108331
2.59994  1.78024 0.00260895 0.108331
2.59994  1.88496 0.00284317 0.108331
2.59994  1.98968 0.00306854 0.108331
2.59994  2.0944 0.00328285 0.108331
2.59994  2.19911 0.003484 0.108331
2.59994  2.30383 0.00366994 0.108331
2.59994  2.40855 0.00383882 0.108331
2.59994  2.51327 0.00398888 0.108331
2.59994  2.61799 0.0041186 0.108331
2.59994  2.72271 0.00422663 0.108331
2.59994  2.82743 0.00431185 0.108331
2.59994  2.93215 0.00437336 0.108331
2.59994  3.03687 0.00441053 0.108331
2.59994  3.14159 0.00442297 0.108331
2.59994  3.24631 0.00441053 0.108331
2.59994  3.35103 0.00437336 0.108331
2.59994  3.45575 0.00431185 0.108331
2.59994  3.56047 0.00422663 0.108331
2.59994  3.66519 0.0041186 0.108331
2.59994  3.76991 0.00398888 0.108331
2.59994  3.87463 0.00383882 0.108331
2.59994  3.97935 0.00366994 0.108331
2.59994  4.08407 0.003484 0.108331
2.59994  4.18879 0.00328285 0.108331
2.59994  4.29351 0.00306854 0.108331
2.59994  4.39823 0.00284317 0.108331
2.59994  4.50295 0.00260895 0.108331
2.59994  4.60767 0.00236818 0.108331
2.59994  4.71239 0.00212314 0.108331
2.59994  4.81711 0.00187615 0.108331
2.59994  4.92183 0.00162953 0.108331
2.59994  5.02655 0.0013856 0.108331
2.59994  5.13127 0.00114667 0.108331
2.59994  5.23599 0.000915071 0.108331
2.59994  5.34071 0.000693178 0.108331
2.59994  5.44543 0.000483441 0.108331
2.59994  5.55015 0.000288421 0.108331
2.59994  5.65487 0.000110825 0.108331
2.59994  5.75959 0 0.108331
2.59994  5.86431 0 0.108331
2.59994  5.96903 0 0.108331
2.59994  6.07375 0 0.108331
2.59994  0 0 0.108331
2.70827  0 3.1843e-05 0.108331
2.70827  0.10472 4.2205e-05 0.108331
2.70827  0.20944 7.30647e-05 0.108331
2.70827  0.314159 0.000123765 0.108331
2.70827  0.418879 0.000193276 0.108331
2.70827  0.523599 0.000280263 0.108331
2.70827  0.628319 0.000383187 0.108331
2.70827  0.733038 0.000500376 0.108331
2.70827  0.837758 0.000630094 0.108331
2.70827  0.942478 0.000770579 0.108331
2.70827  1.0472 0.000920076 0.108331
2.70827  1.15192 0.00107684 0.108331
2.70827  1.25664 0.00123916 0.108331
2.70827  1.36136 0.00140532 0.108331
2.70827  1.46608 0.00157362 0.108331
2.70827  1.5708 0.00174238 0.108331
2.70827  1.67552 0.00190995 0.108331
2.70827  1.78024 0.00207466 0.108331
2.70827  1.88496 0.0022349 0.108331
2.70827  1.98968 0.00238909 0.108331
2.70827  2.0944 0.00253569 0.108331
2.70827  2.19911 0.00267324 0.108331
2.70827  2.30383 0.00280038 0.108331
2.70827  2.40855 0.0029158 0.108331
2.70827  2.51327 0.00301834 0.108331
2.70827  2.61799 0.00310695 0.108331
2.70827  2.72271 0.00318074 0.108331
2.70827  2.82743 0.00323893 0.108331
2.70827  2.93215 0.00328093 0.108331
2.70827  3.03687 0.00330631 0.108331
2.70827  3.14159 0.00331479 0.108331
2.70827  3.24631 0.00330631 0.108331
2.70827  3.35103 0.00328093 0.108331
2.70827  3.45575 0.00323893 0.108331
2.70827  3.56047 0.00318074 0.108331
2.70827  3.66519 0.00310695 0.108331
2.70827  3.76991 0.00301834 0.108331
2.70827  3.87463 0.0029158 0.108331
2.70827  3.97935 0.00280038 0.108331
2.70827  4.08407 0.00267324 0.108331
2.70827  4.18879 0.00253569 0.108331
2.70827  4.29351 0.00238909 0.108331
2.70827  4.39823 0.0022349 0.108331
2.70827  4.50295 0.00207466 0.108331
2.70827  4.60767 0.00190995 0.108331
2.70827  4.71239 0.00174238 0.108331
2.70827  4.81711 0.00157362 0.108331
2.70827  4.92183 0.00140532 0.108331
2.70827  5.02655 0.00123916 0.108331
2.70827  5.13127 0.00107684 0.108331
2.70827  5.23599 0.000920076 0.108331
2.70827  5.34071 0.000770579 0.108331
2.70827  5.44543 0.000630094 0.108331
2.70827  5.55015 0.000500376 0.108331
2.70827  5.65487 0.000383187 0.108331
2.70827  5.75959 0.000280263 0.108331
2.70827  5.86431 0.000193276 0.108331
2.70827  5.96903 0.000123765 0.108331
2.70827  6.07375 7.30647e-05 0.108331
2.70827  0 0 0.108331
2.8166  0 0.000337226 0.108331
2.8166  0.10472 0.000343029 0.108331
2.8166  0.20944 0.000360341 0.108331
2.8166  0.314159 0.000388876 0.108331
2.8166  0.418879 0.000428174 0.108331
2.8166  0.523599 0.00047762 0.108331
2.8166  0.628319 0.000536474 0.108331
2.8166  0.733038 0.000603895 0.108331
2.8166  0.837758 0.000678965 0.108331
2.8166  0.942478 0.000760713 0.108331
2.8166  1.0472 0.000848131 0.108331
2.8166  1.15192 0.000940188 0.108331
2.8166  1.25664 0.00103584 0.108331
2.8166  1.36136 0.00113403 0.108331
2.8166  1.46608 0.00123371 0.108331
2.8166  1.5708 0.00133384 0.108331
2.8166  1.67552 0.00143338 0.108331
2.8166  1.78024 0.00153131 0.108331
2.8166  1.88496 0.00162663 0.108331
2.8166  1.98968 0.00171839 0.108331
2.8166  2.0944 0.00180566 0.108331
2.8166  2.19911 0.00188755 0.108331
2.8166  2.30383 0.00196322 0.108331
2.8166  2.40855 0.00203192 0.108331
2.8166  2.51327 0.00209296 0.108331
2.8166  2.61799 0.00214569 0.108331
2.8166  2.72271 0.0021896 0.108331
2.8166  2.82743 0.00222422 0.108331
2.8166  2.93215 0.00224921 0.108331
2.8166  3.03687 0.0022643 0.108331
2.8166  3.14159 0.00226935 0.108331
2.8166  3.24631 0.0022643 0.108331
2.8166  3.35103 0.00224921 0.108331
2.8166  3.45575 0.00222422 0.108331
2.8166  3.56047 0.0021896 0.108331
2.8166  3.66519 0.00214569 0.108331
2.8166  3.76991 0.00209296 0.108331
2.8166  3.87463 0.00203192 0.108331
2.8166  3.97935 0.00196322 0.108331
2.8166  4.08407 0.00188755 0.108331
2.8166  4.18879 0.00180566 0.108331
2.8166  4.29351 0.00171839 0.108331
2.8166  4.39823 0.00162663 0.108331
2.8166  4.50295 0.00153131 0.108331
2.8166  4.60767 0.00143338 0.108331
2.8166  4.71239 0.00133384 0.108331
2.8166  4.81711 0.00123371 0.108331
2.8166  4.92183 0.00113403 0.108331
2.8166  5.02655 0.00103584 0.108331
2.8166  5.13127 0.000940188 0.108331
2.8166  5.23599 0.000848131 0.108331
2.8166  5.34071 0.000760713 0.108331
2.8166  5.44543 0.000678965 0.108331
2.8166  5.55015 0.000603895 0.108331
2.8166  5.65487 0.000536474 0.108331
2.8166  5.75959 0.00047762 0.108331
2.8166  5.86431 0.000428174 0.108331
2.8166  5.96903 0.000388876 0.108331
2.8166  6.07375 0.000360341 0.108331
2.8166  0 0 0.108331
2.92493  0 0.000449169 0.108331
2.92493  0.10472 0.000451737 0.108331
2.92493  0.20944 0.000459404 0.108331
2.92493  0.314159 0.000472067 0.108331
2.92493  0.418879 0.000489554 0.108331
2.92493  0.523599 0.000511633 0.108331
2.92493  0.628319 0.000538016 0.108331
2.92493  0.733038 0.000568365 0.108331
2.92493  0.837758 0.000602301 0.108331
2.92493  0.942478 0.000639409 0.108331
2.92493  1.0472 0.000679247 0.108331
2.92493  1.15192 0.000721351 0.108331
2.92493  1.25664 0.000765241 0.108331
2.92493  1.36136 0.000810425 0.108331
2.92493  1.46608 0.000856407 0.108331
2.92493  1.5708 0.000902689 0.108331
2.92493  1.67552 0.000948777 0.108331
2.92493  1.78024 0.000994183 0.108331
2.92493  1.88496 0.00103843 0.108331
2.92493  1.98968 0.00108106 0.108331
2.92493  2.0944 0.00112162 0.108331
2.92493  2.19911 0.0011597 0.108331
2.92493  2.30383 0.00119491 0.108331
2.92493  2.40855 0.00122689 0.108331
2.92493  2.51327 0.00125529 0.108331
2.92493  2.61799 0.00127984 0.108331
2.92493  2.72271 0.00130028 0.108331
2.92493  2.82743 0.00131639 0.108331
2.92493  2.93215 0.00132803 0.108331
2.92493  3.03687 0.00133505 0.108331
2.92493  3.14159 0.0013374 0.108331
2.92493  3.24631 0.00133505 0.108331
2.92493  3.35103 0.00132803 0.108331
2.92493  3.45575 0.00131639 0.108331
2.92493  3.56047 0.00130028 0.108331
2.92493  3.66519 0.00127984 0.108331
2.92493  3.76991 0.00125529 0.108331
2.92493  3.87463 0.00122689 0.108331
2.92493  3.97935 0.00119491 0.108331
2.92493  4.08407 0.0011597 0.108331
2.92493  4.18879 0.00112162 0.108331
2.92493  4.29351 0.00108106 0.108331
2.92493  4.39823 0.00103843 0.108331
2.92493  4.50295 0.000994183 0.108331
2.92493  4.60767 0.000948777 0.108331
2.92493  4.71239 0.000902689 0.108331
2.92493  4.81711 0.000856407 0.108331
2.92493  4.92183 0.000810425 0.108331
2.92493  5.02655 0.000765241 0.108331
2.92493  5.13127 0.000721351 0.108331
2.92493  5.23599 0.000679247 0.108331
2.92493  5.34071 0.000639409 0.108331
2.92493  5.44543 0.000602301 0.108331
2.92493  5.55015 0.000568365 0.108331
2.92493  5.65487 0.000538016 0.108331
2.92493  5.75959 0.000511633 0.108331
2.92493  5.86431 0.000489554 0.108331
2.92493  5.96903 0.000472067 0.108331
2.92493  6.07375 0.000459404 0.108331
2.92493  0 0 0.108331
3.03326  0 0.000340934 0.108331
3.03326  0.10472 0.00034157 0.108331
3.03326  0.20944 0.00034347 0.108331
3.03326  0.314159 0.000346612 0.108331
3.03326  0.418879 0.000350959 0.108331
3.03326  0.523599 0.000356459 0.108331
3.03326  0.628319 0.000363047 0.108331
3.03326  0.733038 0.000370647 0.108331
3.03326  0.837758 0.000379169 0.108331
3.03326  0.942478 0.000388516 0.108331
3.03326  1.0472 0.000398582 0.108331
3.03326  1.15192 0.000409251 0.108331
3.03326  1.25664 0.000420404 0.108331
3.03326  1.36136 0.000431917 0.108331
3.03326  1.46608 0.000443662 0.108331
3.03326  1.5708 0.00045551 0.108331
3.03326  1.67552 0.000467332 0.108331
3.03326  1.78024 0.000479 0.108331
3.03326  1.88496 0.000490389 0.108331
3.03326  1.98968 0.000501375 0.108331
3.03326  2.0944 0.000511842 0.108331
3.03326  2.19911 0.000521678 0.108331
3.03326  2.30383 0.00053078 0.108331
3.03326  2.40855 0.000539051 0.108331
3.03326  2.51327 0.000546403 0.108331
3.03326  2.61799 0.00055276 0.108331
3.03326  2.72271 0.000558054 0.108331
3.03326  2.82743 0.000562231 0.108331
3.03326  2.93215 0.000565246 0.108331
3.03326  3.03687 0.000567067 0.108331
3.03326  3.14159 0.000567677 0.108331
3.03326  3.24631 0.000567067 0.108331
3.03326  3.35103 0.000565246 0.108331
3.03326  3.45575 0.000562231 0.108331
3.03326  3.56047 0.000558054 0.108331
3.03326  3.66519 0.00055276 0.108331
3.03326  3.76991 0.000546403 0.108331
3.03326  3.87463 0.000539051 0.108331
3.03326  3.97935 0.00053078 0.108331
3.03326  4.08407 0.000521678 0.108331
3.03326  4.18879 0.000511842 0.108331
3.03326  4.29351 0.000501375 0.108331
3.03326  4.39823 0.000490389 0.108331
3.03326  4.50295 0.000479 0.108331
3.03326  4.60767 0.000467332 0.108331
3.03326  4.71239 0.00045551 0.108331
3.03326  4.81711 0.000443662 0.108331
3.03326  4.92183 0.000431917 0.108331
3.03326  5.02655 0.000420404 0.108331
3.03326  5.13127 0.000409251 0.108331
3.03326  5.23599 0.000398582 0.108331
3.03326  5.34071 0.000388516 0.108331
3.03326  5.44543 0.000379169 0.108331
3.03326  5.55015 0.000370647 0.108331
3.03326  5.65487 0.000363047 0.108331
3.03326  5.75959 0.000356459 0.108331
3.03326  5.86431 0.000350959 0.108331
3.03326  5.96903 0.000346612 0.108331
3.03326  6.07375 0.00034347 0.108331
3.03326  0 0 0.108331
3.14159  0 -2.10893e-09 0.108331
3.14159  0.10472 -2.10893e-09 0.108331
3.14159  0.20944 -2.10893e-09 0.108331
3.14159  0.314159 -2.10893e-09 0.108331
3.14159  0.418879 -2.10893e-09 0.108331
3.14159  0.523599 -2.10893e-09 0.108331
3.14159  0.628319 -2.10893e-09 0.108331
3.14159  0.733038 -2.10893e-09 0.108331
3.14159  0.837758 -2.10893e-09 0.108331
3.14159  0.942478 -2.10893e-09 0.108331
3.14159  1.0472 -2.10893e-09 0.108331
3.14159  1.15192 -2.10893e-09 0.108331
3.14159  1.25664 -2.10893e-09 0.108331
3.14159  1.36136 -2.10893e-09 0.108331
3.14159  1.46608 -2.10893e-09 0.108331
3.14159  1.5708 -2.10893e-09 0.108331
3.14159  1.67552 -2.10893e-09 0.108331
3.14159  1.78024 -2.10893e-09 0.108331
3.14159  1.88496 -2.10893e-09 0.108331
3.14159  1.98968 -2.10893e-09 0.108331
3.14159  2.0944 -2.10893e-09 0.108331
3.14159  2.19911 -2.10893e-09 0.108331
3.14159  2.30383 -2.10893e-09 0.108331
3.14159  2.40855 -2.10893e-09 0.108331
3.14159  2.51327 -2.10893e-09 0.108331
3.14159  2.61799 -2.10893e-09 0.108331
3.14159  2.72271 -2.10893e-09 0.108331
3.14159  2.82743 -2.10893e-09 0.108331
3.14159  2.93215 -2.10893e-09 0.108331
3.14159  3.03687 -2.10893e-09 0.108331
3.14159  3.14159 -2.10893e-09 0.108331
3.14159  3.24631 -2.10893e-09 0.108331
3.14159  3.35103 -2.10893e-09 0.108331
3.14159  3.45575 -2.10893e-09 0.108331
3.14159  3.56047 -2.10893e-09 0.108331
3.14159  3.66519 -2.10893e-09 0.108331
3.14159  3.76991 -2.10893e-09 0.108331
3.14159  3.87463 -2.10893e-09 0.108331
3.14159  3.97935 -2.10893e-09 0.108331
3.14159  4.08407 -2.10893e-09 0.108331
3.14159  4.18879 -2.10893e-09 0.108331
3.14159  4.29351 -2.10893e-09 0.108331
3.14159  4.39823 -2.10893e-09 0.108331
3.14159  4.50295 -2.10893e-09 0.108331
3.14159  4.60767 -2.10893e-09 0.108331
3.14159  4.71239 -2.10893e-09 0.108331
3.14159  4.81711 -2.10893e-09 0.108331
3.14159  4.92183 -2.10893e-09 0.108331
3.14159  5.02655 -2.10893e-09 0.108331
3.14159  5.13127 -2.10893e-09 0.108331
3.14159  5.23599 -2.10893e-09 0.108331
3.14159  5.34071 -2.10893e-09 0.108331
3.14159  5.44543 -2.10893e-09 0.108331
3.14159  5.55015 -2.10893e-09 0.108331
3.14159  5.65487 -2.10893e-09 0.108331
3.14159  5.75959 -2.10893e-09 0.108331
3.14159  5.86431 -2.10893e-09 0.108331
3.14159  5.96903 -2.10893e-09 0.108331
3.14159  6.07375 -2.10893e-09 0.108331
3.14159  0 0 0.108331
