theta = rows; phi = columns
 0.999949 1.00096 1.00195 1.00293 1.00387 1.00477 1.00562 1.0064 1.00711 1.00774 1.00829 1.00874 1.00909 1.00934 1.00948 1.00952 1.00945 1.00928 1.00901 1.00864 1.00817 1.00761 1.00698 1.00627 1.00549 1.00466 1.00377 1.00285 1.0019 1.00093 0.999949 0.998972 0.998008 0.997065 0.996155 0.995286 0.994468 0.993709 0.993017 0.992399 0.991862 0.991411 0.991052 0.990788 0.990623 0.990559 0.990596 0.990736 0.990976 0.991315 0.991749 0.992275 0.992887 0.993579 0.994344 0.995173 0.996058 0.996988 0.997954 0
 0.999545 1.00266 1.00575 1.00878 1.01171 1.0145 1.01712 1.01954 1.02171 1.02363 1.02526 1.02659 1.0276 1.02829 1.02865 1.02868 1.02839 1.02778 1.02687 1.02566 1.02418 1.02245 1.02048 1.01831 1.01595 1.01344 1.0108 1.00806 1.00525 1.00241 0.999545 0.996701 0.993901 0.991172 0.98854 0.986029 0.983662 0.981463 0.979452 0.977647 0.976066 0.974725 0.973638 0.972817 0.972272 0.972011 0.97204 0.972363 0.97298 0.97389 0.975089 0.976568 0.978317 0.980322 0.982564 0.985021 0.987669 0.990479 0.993418 0
 0.998756 1.00411 1.00944 1.01468 1.01974 1.02454 1.02903 1.03314 1.03682 1.04002 1.0427 1.04485 1.04644 1.04747 1.04793 1.04784 1.0472 1.04603 1.04436 1.04221 1.03963 1.03664 1.03329 1.02962 1.02567 1.02149 1.01713 1.01263 1.00803 1.0034 0.998756 0.994159 0.989647 0.985259 0.981035 0.97701 0.973217 0.969689 0.966455 0.963542 0.960975 0.958777 0.956969 0.955571 0.954597 0.954065 0.953986 0.95437 0.955225 0.956556 0.958364 0.960645 0.96339 0.966585 0.97021 0.974234 0.978621 0.983325 0.988291 0
 0.997617 1.00538 1.01313 1.02073 1.02806 1.035 1.04143 1.04726 1.05242 1.05686 1.06052 1.06338 1.06543 1.06667 1.0671 1.06675 1.06564 1.0638 1.06128 1.05812 1.05436 1.05008 1.04532 1.04014 1.03462 1.0288 1.02276 1.01656 1.01026 1.00393 0.997617 0.991384 0.985283 0.979365 0.973679 0.968267 0.963172 0.958431 0.954078 0.950147 0.946666 0.943662 0.94116 0.939185 0.937757 0.936898 0.936626 0.93696 0.937918 0.939513 0.94176 0.944667 0.948237 0.952468 0.957346 0.962844 0.968924 0.975525 0.982574 0
 0.996181 1.00656 1.01694 1.0271 1.03686 1.04601 1.05442 1.06196 1.06853 1.07409 1.07859 1.08201 1.08437 1.08566 1.08592 1.08518 1.08349 1.08089 1.07744 1.07321 1.06825 1.06265 1.05649 1.04983 1.04276 1.03536 1.02771 1.01989 1.01198 1.00405 0.996181 0.988431 0.980868 0.97355 0.966531 0.959862 0.953588 0.947751 0.942388 0.937534 0.933219 0.929472 0.926319 0.923785 0.921895 0.920672 0.920141 0.920328 0.92126 0.922965 0.925472 0.928809 0.933004 0.938077 0.944037 0.95088 0.958575 0.967065 0.976255 0
 0.996181 1.00656 1.01694 1.0271 1.03686 1.05781 1.06817 1.07731 1.08515 1.09163 1.09676 1.10054 1.10301 1.10419 1.10413 1.10288 1.10051 1.09708 1.09266 1.08733 1.08117 1.07427 1.06672 1.05863 1.05007 1.04116 1.03199 1.02265 1.01323 1.00382 0.994513 0.985374 0.976476 0.967887 0.959667 0.951868 0.944539 0.937723 0.931459 0.92578 0.920717 0.916297 0.912544 0.909484 0.90714 0.905536 0.904699 0.904659 0.905452 0.907118 0.909704 0.913263 0.917853 0.923534 0.930357 0.938362 0.958575 0.967065 0.976255 0
 0.996181 1.00656 1.01694 1.0271 1.03686 1.05781 1.06817 1.09338 1.10221 1.10935 1.11483 1.11872 1.12108 1.12197 1.12145 1.1196 1.11648 1.11218 1.10677 1.10035 1.093 1.08485 1.07598 1.06651 1.05655 1.04622 1.03563 1.02488 1.01407 1.00331 0.992692 0.982293 0.972194 0.962466 0.953174 0.944372 0.93611 0.928431 0.921373 0.914968 0.909244 0.904225 0.899932 0.896387 0.893611 0.891624 0.890453 0.890128 0.890687 0.892181 0.894672 0.898237 0.902971 0.908983 0.930357 0.938362 0.958575 0.967065 0.976255 0
 0.996181 1.00656 1.01694 1.0271 1.03686 1.05781 1.06817 1.09338 1.1196 1.12701 1.13253 1.13625 1.13828 1.13872 1.13763 1.13509 1.13119 1.126 1.11961 1.11213 1.10366 1.09431 1.0842 1.07346 1.06221 1.05057 1.03867 1.02664 1.01458 1.0026 0.990801 0.979278 0.968113 0.95738 0.947145 0.937466 0.92839 0.919962 0.912216 0.905181 0.898882 0.89334 0.888571 0.88459 0.881414 0.879058 0.877542 0.876894 0.877151 0.878363 0.880601 0.883963 0.888577 0.908983 0.930357 0.938362 0.958575 0.967065 0.976255 0
 0.996181 1.00656 1.01694 1.0271 1.03686 1.05781 1.06817 1.09338 1.1196 1.14431 1.14949 1.15276 1.15427 1.15411 1.15236 1.1491 1.1444 1.13835 1.13104 1.12257 1.11305 1.10261 1.09137 1.07946 1.06704 1.05423 1.04117 1.02799 1.01481 1.00176 0.988928 0.976423 0.96433 0.952726 0.941678 0.931244 0.921472 0.912403 0.904071 0.8965 0.889712 0.883722 0.878541 0.874179 0.870644 0.867945 0.866093 0.865108 0.865017 0.865867 0.867726 0.870697 0.888577 0.908983 0.930357 0.938362 0.958575 0.967065 0.976255 0
 0.996181 1.00656 1.01694 1.0271 1.03686 1.05781 1.06817 1.09338 1.1196 1.16078 1.16527 1.16786 1.16868 1.16784 1.16539 1.16141 1.15595 1.14909 1.14093 1.13156 1.12111 1.10969 1.09744 1.08452 1.07107 1.05724 1.04317 1.02899 1.01486 1.00087 0.987162 0.97382 0.960939 0.948598 0.936865 0.925798 0.915443 0.905841 0.89702 0.889004 0.881808 0.875444 0.869918 0.865232 0.861385 0.85838 0.856215 0.854899 0.854447 0.85489 0.856283 0.858721 0.888577 0.908983 0.930357 0.938362 0.958575 0.967065 0.976255 0
 0.996181 1.00656 1.01694 1.0271 1.03686 1.05781 1.06817 1.09338 1.1196 1.16078 1.17934 1.18108 1.18114 1.17959 1.17646 1.1718 1.16565 1.15808 1.14918 1.13903 1.12777 1.11552 1.10243 1.08864 1.07433 1.05963 1.04471 1.02971 1.01478 1.00003 0.985586 0.971555 0.958028 0.945085 0.932794 0.921212 0.910386 0.900352 0.891138 0.882763 0.87524 0.868574 0.862767 0.857815 0.853709 0.850442 0.848003 0.846384 0.845586 0.845617 0.846511 0.858721 0.888577 0.908983 0.930357 0.938362 0.958575 0.967065 0.976255 0
 0.996181 1.00656 1.01694 1.0271 1.03686 1.05781 1.06817 1.09338 1.1196 1.16078 1.19113 1.19198 1.19129 1.18907 1.18533 1.18008 1.17335 1.16519 1.15568 1.14491 1.133 1.12008 1.10631 1.09183 1.07683 1.06145 1.04586 1.03021 1.01464 0.999287 0.984274 0.969705 0.955675 0.942264 0.929541 0.917562 0.906372 0.896006 0.88649 0.87784 0.870065 0.863168 0.857145 0.851986 0.847676 0.844199 0.841533 0.839659 0.838556 0.838214 0.838632 0.858721 0.888577 0.908983 0.930357 0.938362 0.958575 0.967065 0.976255 0
 0.996181 1.00656 1.01694 1.0271 1.03686 1.05781 1.06817 1.09338 1.1196 1.16078 1.20007 1.20012 1.19879 1.19604 1.19181 1.18611 1.17895 1.17034 1.16038 1.14914 1.13675 1.12335 1.10907 1.0941 1.07859 1.06272 1.04664 1.03052 1.0145 0.998713 0.98329 0.968335 0.953945 0.9402 0.92717 0.914908 0.90346 0.89286 0.88313 0.874286 0.866334 0.859273 0.853096 0.847789 0.843332 0.839701 0.836868 0.834799 0.83346 0.832818 0.832844 0.858721 0.888577 0.908983 0.930357 0.938362 0.958575 0.967065 0.976255 0
 0.996181 1.00656 1.01694 1.0271 1.03686 1.05781 1.06817 1.09338 1.1196 1.16078 1.20566 1.20517 1.20341 1.2003 1.19577 1.18978 1.18234 1.17346 1.16322 1.1517 1.13902 1.12531 1.11074 1.09546 1.07965 1.06347 1.0471 1.03069 1.0144 0.99835 0.98268 0.967493 0.952887 0.938942 0.925727 0.913297 0.901695 0.890955 0.881098 0.872138 0.86408 0.856922 0.850653 0.845257 0.840712 0.836988 0.834051 0.831861 0.830372 0.829537 0.829304 0.858721 0.888577 0.908983 0.930357 0.938362 0.958575 0.967065 0.976255 0
 0.996181 1.00656 1.01694 1.0271 1.03686 1.05781 1.06817 1.09338 1.1196 1.16078 1.20756 1.20688 1.20497 1.20173 1.19709 1.19101 1.18347 1.1745 1.16417 1.15255 1.13977 1.12597 1.11129 1.09591 1.08 1.06372 1.04725 1.03075 1.01436 0.998226 0.982473 0.967209 0.952531 0.93852 0.925243 0.912757 0.901104 0.890317 0.880418 0.871419 0.863326 0.856136 0.849837 0.844411 0.839836 0.836081 0.833109 0.830878 0.829338 0.828436 0.828112 0.858721 0.888577 0.908983 0.930357 0.938362 0.958575 0.967065 0.976255 0
 0.996181 1.00656 1.01694 1.0271 1.03686 1.05781 1.06817 1.09338 1.1196 1.16078 1.20709 1.20645 1.20458 1.20137 1.19676 1.1907 1.18319 1.17424 1.16393 1.15234 1.13958 1.1258 1.11115 1.0958 1.07991 1.06366 1.04721 1.03073 1.01437 0.998257 0.982525 0.967281 0.95262 0.938626 0.925364 0.912892 0.901252 0.890476 0.880588 0.871599 0.863515 0.856332 0.850041 0.844623 0.840055 0.836308 0.833345 0.831124 0.829597 0.828711 0.82841 0.858721 0.888577 0.908983 0.930357 0.938362 0.958575 0.967065 0.976255 0
 0.996181 1.00656 1.01694 1.0271 1.03686 1.05781 1.06817 1.09338 1.1196 1.16078 1.20331 1.20305 1.20148 1.19851 1.19411 1.18825 1.18092 1.17216 1.16203 1.15063 1.13807 1.12449 1.11004 1.09489 1.07921 1.06316 1.04691 1.03062 1.01444 0.998503 0.982936 0.967846 0.95333 0.939468 0.92633 0.91397 0.902433 0.89175 0.881946 0.873034 0.86502 0.857903 0.851672 0.846313 0.841805 0.83812 0.835226 0.833087 0.831662 0.830908 0.830785 0.858721 0.888577 0.908983 0.930357 0.938362 0.958575 0.967065 0.976255 0
 0.996181 1.00656 1.01694 1.0271 1.03686 1.05781 1.06817 1.09338 1.1196 1.16078 1.19599 1.19642 1.19539 1.19288 1.18888 1.18339 1.17642 1.16802 1.15826 1.14723 1.13506 1.12187 1.10783 1.09308 1.0778 1.06215 1.04629 1.03038 1.01456 0.998976 0.983738 0.968957 0.954729 0.941134 0.928242 0.916107 0.904775 0.89428 0.884646 0.875889 0.868017 0.861029 0.854922 0.849681 0.84529 0.841729 0.838972 0.836992 0.835762 0.835258 0.835465 0.858721 0.888577 0.908983 0.930357 0.938362 0.958575 0.967065 0.976255 0
 0.996181 1.00656 1.01694 1.0271 1.03686 1.05781 1.06817 1.09338 1.1196 1.16078 1.18556 1.18685 1.18653 1.18463 1.18118 1.17621 1.16976 1.16188 1.15265 1.14217 1.13056 1.11796 1.1045 1.09035 1.07567 1.06061 1.04533 1.02998 1.01471 0.99964 0.984893 0.970574 0.956777 0.943583 0.931061 0.919266 0.908245 0.898032 0.888656 0.880133 0.872475 0.865685 0.859762 0.854699 0.850484 0.847105 0.844546 0.842793 0.841835 0.841673 0.842321 0.858721 0.888577 0.908983 0.930357 0.938362 0.958575 0.967065 0.976255 0
 0.996181 1.00656 1.01694 1.0271 1.03686 1.05781 1.06817 1.09338 1.1196 1.16078 1.17255 1.17473 1.17518 1.17398 1.17119 1.16685 1.16104 1.15381 1.14527 1.13549 1.12461 1.11276 1.10007 1.0867 1.0728 1.05851 1.04399 1.02939 1.01483 1.00044 0.986345 0.97264 0.959418 0.94676 0.934732 0.923393 0.912789 0.902958 0.893928 0.885722 0.878353 0.87183 0.866155 0.861328 0.857346 0.854203 0.851896 0.850424 0.849795 0.85003 0.851174 0.858721 0.888577 0.908983 0.930357 0.938362 0.958575 0.967065 0.976255 0
 0.996181 1.00656 1.01694 1.0271 1.03686 1.05781 1.06817 1.09338 1.1196 1.15269 1.15756 1.16052 1.1617 1.1612 1.15911 1.15548 1.1504 1.14394 1.13619 1.12725 1.11725 1.1063 1.09454 1.08211 1.06916 1.05581 1.04223 1.02853 1.01485 1.00132 0.988026 0.975085 0.96258 0.950591 0.939184 0.928418 0.918341 0.908993 0.900404 0.892599 0.885597 0.879411 0.874049 0.869518 0.865821 0.862964 0.860952 0.859799 0.859527 0.860177 0.861811 0.86453 0.888577 0.908983 0.930357 0.938362 0.958575 0.967065 0.976255 0
 0.996181 1.00656 1.01694 1.0271 1.03686 1.05781 1.06817 1.09338 1.1196 1.13573 1.14112 1.14466 1.14645 1.1466 1.14519 1.14229 1.13799 1.13237 1.12551 1.11752 1.10852 1.09861 1.08792 1.07658 1.06472 1.05248 1.03999 1.02736 1.01472 1.00219 0.989856 0.977825 0.966179 0.954993 0.944336 0.934263 0.924826 0.916064 0.908011 0.900697 0.894143 0.888368 0.883385 0.879206 0.875845 0.873314 0.871628 0.870812 0.870898 0.871937 0.873999 0.877187 0.888577 0.908983 0.930357 0.938362 0.958575 0.967065 0.976255 0
 0.996181 1.00656 1.01694 1.0271 1.03686 1.05781 1.06817 1.09338 1.11088 1.1182 1.12375 1.12759 1.12981 1.13049 1.1297 1.12751 1.12401 1.11926 1.11336 1.1064 1.09848 1.08972 1.08022 1.0701 1.05948 1.04849 1.03722 1.02581 1.01436 1.00298 0.99175 0.980771 0.970122 0.959876 0.950095 0.940839 0.932156 0.924088 0.916673 0.909942 0.903919 0.898629 0.89409 0.890321 0.88734 0.885166 0.883823 0.883339 0.883755 0.88512 0.887502 0.890991 0.895698 0.908983 0.930357 0.938362 0.958575 0.967065 0.976255 0
 0.996181 1.00656 1.01694 1.0271 1.03686 1.05781 1.07539 1.08526 1.09363 1.10048 1.10583 1.1097 1.11213 1.11319 1.11292 1.11138 1.10864 1.10478 1.09987 1.09398 1.08723 1.07969 1.07148 1.06268 1.05342 1.04378 1.03388 1.02382 1.0137 1.0036 0.993617 0.983831 0.974316 0.965141 0.956368 0.948052 0.940241 0.93298 0.926306 0.920252 0.914847 0.910118 0.906088 0.902779 0.900215 0.898419 0.897417 0.897241 0.897928 0.899523 0.902082 0.905671 0.910366 0.916249 0.923404 0.938362 0.958575 0.967065 0.976255 0
 0.996181 1.00656 1.01895 1.03048 1.0415 1.0518 1.06119 1.06955 1.07678 1.08283 1.08767 1.09131 1.09374 1.095 1.09512 1.09414 1.09212 1.08911 1.08518 1.0804 1.07484 1.06859 1.06173 1.05434 1.04652 1.03835 1.02993 1.02134 1.01266 1.00398 0.995372 0.986911 0.978664 0.970694 0.963058 0.955808 0.948992 0.942651 0.936824 0.931545 0.926845 0.922752 0.919292 0.916491 0.914371 0.912959 0.91228 0.912363 0.913238 0.914941 0.91751 0.920985 0.925408 0.930816 0.937239 0.944689 0.953152 0.962575 0.972861 0
 0.996932 1.00597 1.01501 1.02387 1.03239 1.04042 1.04784 1.05453 1.06041 1.06543 1.06953 1.0727 1.07492 1.07621 1.07657 1.07604 1.07465 1.07244 1.06947 1.06577 1.06142 1.05648 1.05101 1.04509 1.03879 1.03217 1.02532 1.0183 1.01118 1.00404 0.996932 0.989926 0.983078 0.976443 0.970075 0.964018 0.958318 0.953014 0.948143 0.943738 0.939829 0.936446 0.933612 0.931355 0.929696 0.928658 0.928264 0.928536 0.929495 0.931165 0.933564 0.936712 0.940621 0.9453 0.950743 0.956933 0.963832 0.97138 0.979491 0
 0.998227 1.00476 1.01128 1.01768 1.02385 1.02971 1.03516 1.04013 1.04456 1.04838 1.05157 1.05409 1.05593 1.05708 1.05755 1.05734 1.05648 1.05499 1.0529 1.05026 1.04709 1.04346 1.03941 1.03498 1.03024 1.02524 1.02003 1.01467 1.00922 1.00372 0.998227 0.992797 0.987475 0.982307 0.977335 0.972601 0.968141 0.963992 0.960185 0.956751 0.953718 0.95111 0.948951 0.947262 0.946064 0.945374 0.945208 0.94558 0.946503 0.947986 0.950035 0.952652 0.955833 0.959568 0.963838 0.968613 0.973853 0.979506 0.985507 0
 0.999197 1.00341 1.0076 1.01172 1.01569 1.01948 1.02302 1.02628 1.0292 1.03176 1.03393 1.03568 1.03699 1.03787 1.03829 1.03828 1.03783 1.03695 1.03567 1.03401 1.03199 1.02963 1.02698 1.02406 1.0209 1.01756 1.01405 1.01042 1.00671 1.00296 0.999197 0.995462 0.991791 0.988216 0.984772 0.981488 0.978393 0.975515 0.972879 0.97051 0.968428 0.966653 0.965203 0.964095 0.96334 0.962952 0.962938 0.963306 0.96406 0.9652 0.966723 0.968624 0.970891 0.973508 0.976455 0.979705 0.983227 0.986982 0.990929 0
 0.999797 1.00184 1.00387 1.00585 1.00777 1.0096 1.01132 1.01291 1.01435 1.01562 1.01671 1.0176 1.01829 1.01877 1.01904 1.01909 1.01893 1.01855 1.01797 1.0172 1.01624 1.0151 1.01381 1.01237 1.01081 1.00914 1.00737 1.00554 1.00365 1.00173 0.999797 0.997872 0.995975 0.994123 0.992335 0.990629 0.989022 0.98753 0.986166 0.984946 0.983881 0.982982 0.98226 0.981721 0.981374 0.981222 0.981268 0.981515 0.981961 0.982604 0.983439 0.984459 0.985655 0.987016 0.988529 0.990179 0.991947 0.993814 0.99576 0
 1 1 1 1 1 1 1 1 1 1 1 1 1 1 1 1 1 1 1 1 1 1 1 1 1 1 1 1 1 1 1 1 1 1 1 1 1 1 1 1 1 1 1 1 1 1 1 1 1 1 1 1 1 1 1 1 1 1 1 0
