theta = rows; phi = columns
 1 1 1 1 1 1 1 1 1 1 1 1 1 1 1 1 1 1 1 1 1 1 1 1 1 1 1 1 1 1 1 1 1 1 1 1 1 1 1 1 1 1 1 1 1 1 1 1 1 1 1 1 1 1 1 1 1 1 1
 0.999797 1.00187 1.00393 1.00595 1.0079 1.00975 1.01149 1.01309 1.01453 1.0158 1.01687 1.01775 1.01841 1.01885 1.01907 1.01907 1.01884 1.0184 1.01776 1.01691 1.01587 1.01466 1.01329 1.01178 1.01014 1.0084 1.00657 1.00468 1.00274 1.00078 0.998816 0.996871 0.994963 0.993114 0.991341 0.989663 0.988097 0.986658 0.985363 0.984224 0.983253 0.982461 0.981857 0.981449 0.981241 0.981239 0.981443 0.981854 0.982469 0.983284 0.984291 0.985483 0.986846 0.988369 0.990034 0.991823 0.993717 0.995693 0.997728
 0.999197 1.00348 1.00775 1.01192 1.01596 1.01979 1.02337 1.02664 1.02957 1.03212 1.03425 1.03595 1.03721 1.038 1.03833 1.0382 1.03763 1.03662 1.0352 1.03339 1.03122 1.02872 1.02592 1.02285 1.01956 1.01609 1.01247 1.00873 1.00494 1.00111 0.997292 0.993523 0.989838 0.986272 0.982858 0.979627 0.976609 0.973832 0.971321 0.9691 0.96719 0.96561 0.964378 0.963509 0.963015 0.962907 0.963192 0.963875 0.964958 0.966438 0.96831 0.970562 0.973179 0.976141 0.979418 0.98298 0.986786 0.990792 0.994947
 0.998227 1.00487 1.0115 1.018 1.02426 1.03019 1.03569 1.04069 1.04511 1.04891 1.05204 1.05449 1.05622 1.05724 1.05756 1.05718 1.05614 1.05445 1.05215 1.04929 1.04591 1.04206 1.0378 1.03317 1.02824 1.02306 1.01769 1.01218 1.00661 1.00101 0.995456 0.989985 0.98465 0.979499 0.974575 0.96992 0.96557 0.961563 0.957929 0.954699 0.951901 0.94956 0.947699 0.946339 0.9455 0.945199 0.945451 0.94627 0.947667 0.949648 0.952216 0.955369 0.959096 0.96338 0.968189 0.973484 0.97921 0.985298 0.991668
 0.996932 1.00613 1.01531 1.02431 1.03295 1.04108 1.04855 1.05527 1.06115 1.06611 1.07013 1.07318 1.07526 1.07637 1.07653 1.07577 1.07413 1.07166 1.06841 1.06444 1.05981 1.05459 1.04886 1.04268 1.03613 1.02929 1.02224 1.01505 1.00779 1.00054 0.993353 0.986304 0.979449 0.972845 0.966543 0.960591 0.955032 0.949907 0.94525 0.941097 0.937476 0.934417 0.931945 0.930085 0.928861 0.928298 0.928417 0.929243 0.930798 0.933105 0.936182 0.940046 0.944704 0.950155 0.95638 0.963343 0.970981 0.979208 0.987905
 0.996932 1.00613 1.01934 1.03106 1.04223 1.05263 1.06209 1.07047 1.07767 1.08365 1.08837 1.09185 1.09409 1.09512 1.09498 1.09372 1.0914 1.08807 1.08381 1.07869 1.07279 1.06621 1.05903 1.05134 1.04323 1.03481 1.02616 1.01737 1.00854 0.999734 0.991047 0.982547 0.974303 0.966378 0.95883 0.951709 0.945063 0.938934 0.933359 0.928371 0.924002 0.920279 0.917229 0.914877 0.913249 0.912373 0.912277 0.912994 0.914559 0.917011 0.920394 0.924751 0.930121 0.936539 0.944018 0.952547 0.962074 0.9725 0.987905
 0.996932 1.00613 1.01934 1.03106 1.04223 1.05263 1.07646 1.08633 1.09464 1.10139 1.10658 1.11026 1.11246 1.11324 1.11266 1.1108 1.1077 1.10347 1.09817 1.0919 1.08476 1.07684 1.06826 1.05912 1.04954 1.03962 1.02947 1.01919 1.0089 0.998673 0.988611 0.978793 0.969293 0.960181 0.951516 0.943354 0.935743 0.928724 0.922333 0.916605 0.911565 0.907242 0.903657 0.900835 0.898801 0.897581 0.897207 0.897716 0.899154 0.901578 0.905054 0.909661 0.915486 0.922616 0.944018 0.952547 0.962074 0.9725 0.987905
 0.996932 1.00613 1.01934 1.03106 1.04223 1.05263 1.07646 1.10288 1.11198 1.11916 1.12452 1.12812 1.13007 1.13044 1.12931 1.12675 1.12284 1.11767 1.11134 1.10395 1.0956 1.08642 1.07651 1.06602 1.05505 1.04374 1.03221 1.02057 1.00895 0.997432 0.986131 0.97513 0.964511 0.954344 0.944694 0.935616 0.927157 0.91936 0.912257 0.905879 0.900251 0.895394 0.891327 0.888069 0.885641 0.884064 0.88337 0.883595 0.88479 0.887023 0.890383 0.894983 0.900965 0.922616 0.944018 0.952547 0.962074 0.9725 0.987905
 0.996932 1.00613 1.01934 1.03106 1.04223 1.05263 1.07646 1.10288 1.12947 1.13668 1.14185 1.14512 1.14661 1.14642 1.14464 1.14133 1.13659 1.13051 1.12319 1.11473 1.10525 1.09488 1.08376 1.07201 1.05978 1.04721 1.03443 1.02157 1.00876 0.996095 0.983696 0.971653 0.96005 0.948963 0.938457 0.928585 0.919396 0.910929 0.903214 0.896279 0.890142 0.88482 0.880327 0.876675 0.873878 0.87195 0.870915 0.870805 0.871668 0.873574 0.876623 0.880958 0.900965 0.922616 0.944018 0.952547 0.962074 0.9725 0.987905
 0.996932 1.00613 1.01934 1.03106 1.04223 1.05263 1.07646 1.10288 1.12947 1.15356 1.15819 1.16087 1.16173 1.16088 1.15838 1.15432 1.14878 1.14183 1.13358 1.12414 1.11364 1.1022 1.08998 1.07712 1.06377 1.05008 1.0362 1.02226 1.00841 0.994746 0.981396 0.968455 0.956009 0.944135 0.932899 0.922355 0.912548 0.903516 0.895286 0.88788 0.881313 0.875597 0.870738 0.866741 0.86361 0.861352 0.859978 0.859509 0.859983 0.86146 0.864039 0.880958 0.900965 0.922616 0.944018 0.952547 0.962074 0.9725 0.987905
 0.996932 1.00613 1.01934 1.03106 1.04223 1.05263 1.07646 1.10288 1.12947 1.16927 1.17305 1.17494 1.17507 1.1735 1.1703 1.16551 1.15922 1.15148 1.14241 1.1321 1.1207 1.10833 1.09516 1.08134 1.06702 1.05238 1.03756 1.02271 1.00797 0.99347 0.979322 0.965628 0.952478 0.939951 0.92811 0.917011 0.906696 0.8972 0.888548 0.880757 0.873838 0.867796 0.862632 0.858342 0.854923 0.852368 0.850676 0.849854 0.849919 0.850913 0.852914 0.880958 0.900965 0.922616 0.944018 0.952547 0.962074 0.9725 0.987905
 0.996932 1.00613 1.01934 1.03106 1.04223 1.05263 1.07646 1.10288 1.12947 1.16927 1.18589 1.18691 1.18627 1.184 1.18014 1.17471 1.16776 1.15935 1.14958 1.13855 1.1264 1.11326 1.0993 1.08468 1.06958 1.05415 1.03857 1.02298 1.00753 0.992344 0.977552 0.963254 0.949542 0.936493 0.924172 0.912632 0.901915 0.892053 0.883068 0.874974 0.867777 0.861478 0.85607 0.851544 0.847886 0.84508 0.84311 0.841966 0.841642 0.842153 0.852914 0.880958 0.900965 0.922616 0.944018 0.952547 0.962074 0.9725 0.987905
 0.996932 1.00613 1.01934 1.03106 1.04223 1.05263 1.07646 1.10288 1.12947 1.16927 1.19617 1.19634 1.195 1.19213 1.18771 1.18175 1.17428 1.16534 1.15502 1.14343 1.1307 1.11697 1.1024 1.08718 1.07147 1.05545 1.03928 1.02312 1.00713 0.991435 0.976159 0.961407 0.947272 0.933833 0.921153 0.909286 0.89827 0.888137 0.878905 0.870586 0.863183 0.856692 0.851103 0.846398 0.842557 0.839555 0.837363 0.835952 0.835297 0.83538 0.852914 0.880958 0.900965 0.922616 0.944018 0.952547 0.962074 0.9725 0.987905
 0.996932 1.00613 1.01934 1.03106 1.04223 1.05263 1.07646 1.10288 1.12947 1.16927 1.20336 1.20286 1.20099 1.19767 1.19286 1.18652 1.17868 1.16938 1.15869 1.14671 1.13358 1.11944 1.10447 1.08883 1.07271 1.05629 1.03973 1.02319 1.00684 0.990798 0.975197 0.960142 0.945726 0.932027 0.919109 0.907024 0.895811 0.885498 0.876103 0.867636 0.860097 0.85348 0.847769 0.842945 0.838981 0.835843 0.833496 0.831896 0.831 0.830763 0.852914 0.880958 0.900965 0.922616 0.944018 0.952547 0.962074 0.9725 0.987905
 0.996932 1.00613 1.01934 1.03106 1.04223 1.05263 1.07646 1.10288 1.12947 1.16927 1.20706 1.2062 1.20404 1.20048 1.19546 1.18893 1.1809 1.17141 1.16052 1.14835 1.13502 1.12068 1.1055 1.08966 1.07333 1.0567 1.03994 1.02322 1.00668 0.99047 0.974706 0.959499 0.944943 0.931114 0.918078 0.905884 0.894573 0.88417 0.874695 0.866154 0.858547 0.851867 0.846096 0.841212 0.837185 0.833979 0.831552 0.829853 0.82883 0.828423 0.852914 0.880958 0.900965 0.922616 0.944018 0.952547 0.962074 0.9725 0.987905
 0.996932 1.00613 1.01934 1.03106 1.04223 1.05263 1.07646 1.10288 1.12947 1.16927 1.20706 1.2062 1.20404 1.20048 1.19546 1.18893 1.1809 1.17141 1.16052 1.14835 1.13502 1.12068 1.1055 1.08966 1.07333 1.0567 1.03994 1.02322 1.00668 0.99047 0.974706 0.959499 0.944943 0.931114 0.918078 0.905884 0.894573 0.88417 0.874695 0.866154 0.858547 0.851867 0.846096 0.841212 0.837185 0.833979 0.831552 0.829853 0.82883 0.828423 0.852914 0.880958 0.900965 0.922616 0.944018 0.952547 0.962074 0.9725 0.987905
 0.996932 1.00613 1.01934 1.03106 1.04223 1.05263 1.07646 1.10288 1.12947 1.16927 1.20336 1.20286 1.20099 1.19767 1.19286 1.18652 1.17868 1.16938 1.15869 1.14671 1.13358 1.11944 1.10447 1.08883 1.07271 1.05629 1.03973 1.02319 1.00684 0.990798 0.975197 0.960142 0.945726 0.932027 0.919109 0.907024 0.895811 0.885498 0.876103 0.867636 0.860097 0.85348 0.847769 0.842945 0.838981 0.835843 0.833496 0.831896 0.831 0.830763 0.852914 0.880958 0.900965 0.922616 0.944018 0.952547 0.962074 0.9725 0.987905
 0.996932 1.00613 1.01934 1.03106 1.04223 1.05263 1.07646 1.10288 1.12947 1.16927 1.19617 1.19634 1.195 1.19213 1.18771 1.18175 1.17428 1.16534 1.15502 1.14343 1.1307 1.11697 1.1024 1.08718 1.07147 1.05545 1.03928 1.02312 1.00713 0.991436 0.976159 0.961407 0.947272 0.933833 0.921153 0.909286 0.89827 0.888137 0.878905 0.870586 0.863183 0.856692 0.851103 0.846398 0.842557 0.839555 0.837363 0.835952 0.835297 0.83538 0.852914 0.880958 0.900965 0.922616 0.944018 0.952547 0.962074 0.9725 0.987905
 0.996932 1.00613 1.01934 1.03106 1.04223 1.05263 1.07646 1.10288 1.12947 1.16927 1.18589 1.18691 1.18627 1.184 1.18014 1.17471 1.16776 1.15935 1.14958 1.13855 1.1264 1.11326 1.0993 1.08468 1.06958 1.05415 1.03857 1.02298 1.00753 0.992344 0.977552 0.963254 0.949542 0.936493 0.924172 0.912632 0.901915 0.892053 0.883068 0.874974 0.867777 0.861478 0.85607 0.851544 0.847886 0.84508 0.84311 0.841966 0.841642 0.842153 0.852914 0.880958 0.900965 0.922616 0.944018 0.952547 0.962074 0.9725 0.987905
 0.996932 1.00613 1.01934 1.03106 1.04223 1.05263 1.07646 1.10288 1.12947 1.16927 1.17305 1.17494 1.17507 1.1735 1.1703 1.16551 1.15922 1.15148 1.14241 1.1321 1.1207 1.10833 1.09516 1.08134 1.06702 1.05238 1.03756 1.02271 1.00797 0.99347 0.979322 0.965628 0.952478 0.939951 0.92811 0.917011 0.906696 0.8972 0.888548 0.880757 0.873838 0.867796 0.862632 0.858343 0.854923 0.852368 0.850676 0.849854 0.849919 0.850913 0.852914 0.880958 0.900965 0.922616 0.944018 0.952547 0.962074 0.9725 0.987905
 0.996932 1.00613 1.01934 1.03106 1.04223 1.05263 1.07646 1.10288 1.12947 1.15356 1.15819 1.16087 1.16173 1.16088 1.15838 1.15432 1.14878 1.14183 1.13358 1.12414 1.11364 1.1022 1.08998 1.07712 1.06377 1.05008 1.0362 1.02226 1.00841 0.994746 0.981396 0.968455 0.956009 0.944135 0.932899 0.922355 0.912548 0.903516 0.895286 0.88788 0.881314 0.875597 0.870738 0.866741 0.86361 0.861352 0.859978 0.85951 0.859983 0.861461 0.864039 0.880958 0.900965 0.922616 0.944018 0.952547 0.962074 0.9725 0.987905
 0.996932 1.00613 1.01934 1.03106 1.04223 1.05263 1.07646 1.10288 1.12947 1.13668 1.14185 1.14512 1.14661 1.14642 1.14464 1.14133 1.13659 1.13051 1.12319 1.11473 1.10525 1.09488 1.08376 1.07201 1.05978 1.04721 1.03443 1.02157 1.00876 0.996095 0.983696 0.971653 0.96005 0.948963 0.938457 0.928585 0.919397 0.910929 0.903214 0.896279 0.890142 0.88482 0.880327 0.876675 0.873878 0.87195 0.870916 0.870806 0.871668 0.873574 0.876623 0.880958 0.900965 0.922616 0.944018 0.952547 0.962074 0.9725 0.987905
 0.996932 1.00613 1.01934 1.03106 1.04223 1.05263 1.07646 1.10288 1.11198 1.11916 1.12452 1.12812 1.13007 1.13044 1.12931 1.12675 1.12284 1.11767 1.11134 1.10395 1.0956 1.08642 1.07651 1.06602 1.05505 1.04374 1.03221 1.02057 1.00895 0.997432 0.986131 0.97513 0.964511 0.954344 0.944694 0.935616 0.927158 0.91936 0.912258 0.90588 0.900251 0.895394 0.891327 0.888069 0.885641 0.884065 0.88337 0.883595 0.88479 0.887023 0.890383 0.894984 0.900965 0.922616 0.944018 0.952547 0.962074 0.9725 0.987905
 0.996932 1.00613 1.01934 1.03106 1.04223 1.05263 1.07646 1.08633 1.09464 1.10139 1.10658 1.11026 1.11246 1.11324 1.11266 1.1108 1.1077 1.10347 1.09817 1.0919 1.08476 1.07684 1.06826 1.05912 1.04954 1.03962 1.02947 1.01919 1.0089 0.998673 0.988611 0.978793 0.969293 0.960181 0.951517 0.943355 0.935743 0.928724 0.922333 0.916605 0.911565 0.907242 0.903657 0.900836 0.898801 0.897582 0.897207 0.897716 0.899154 0.901578 0.905054 0.909662 0.915486 0.922616 0.944018 0.952547 0.962074 0.9725 0.987905
 0.996932 1.00613 1.01934 1.03106 1.04223 1.05263 1.06209 1.07047 1.07767 1.08365 1.08837 1.09185 1.09409 1.09512 1.09498 1.09372 1.0914 1.08807 1.08381 1.07869 1.07279 1.06621 1.05903 1.05134 1.04323 1.03481 1.02616 1.01737 1.00854 0.999734 0.991047 0.982547 0.974303 0.966379 0.95883 0.951709 0.945063 0.938934 0.933359 0.928371 0.924002 0.920279 0.917229 0.914877 0.91325 0.912373 0.912277 0.912994 0.914559 0.917012 0.920394 0.924751 0.930122 0.936539 0.944018 0.952547 0.962074 0.9725 0.987905
 0.996932 1.00613 1.01531 1.02431 1.03295 1.04108 1.04855 1.05527 1.06115 1.06611 1.07013 1.07318 1.07526 1.07637 1.07653 1.07577 1.07413 1.07166 1.06841 1.06444 1.05981 1.05459 1.04886 1.04268 1.03613 1.02929 1.02224 1.01505 1.00779 1.00054 0.993353 0.986304 0.97945 0.972845 0.966543 0.960591 0.955032 0.949907 0.94525 0.941097 0.937476 0.934417 0.931945 0.930085 0.928862 0.928298 0.928417 0.929243 0.930799 0.933105 0.936182 0.940046 0.944704 0.950155 0.95638 0.963343 0.970981 0.979208 0.987905
 0.998227 1.00487 1.0115 1.018 1.02426 1.03019 1.03569 1.04069 1.04511 1.04891 1.05204 1.05449 1.05622 1.05724 1.05756 1.05718 1.05613 1.05445 1.05215 1.04929 1.04591 1.04206 1.0378 1.03317 1.02824 1.02306 1.01769 1.01218 1.00661 1.00101 0.995456 0.989985 0.98465 0.979499 0.974575 0.96992 0.96557 0.961563 0.957929 0.9547 0.951902 0.94956 0.947699 0.94634 0.9455 0.945199 0.945451 0.94627 0.947667 0.949648 0.952216 0.955369 0.959097 0.96338 0.96819 0.973484 0.97921 0.985298 0.991668
 0.999197 1.00348 1.00775 1.01192 1.01596 1.01979 1.02337 1.02664 1.02957 1.03212 1.03425 1.03595 1.03721 1.038 1.03833 1.0382 1.03763 1.03662 1.0352 1.03339 1.03122 1.02872 1.02592 1.02285 1.01956 1.01609 1.01247 1.00873 1.00494 1.00111 0.997292 0.993523 0.989838 0.986272 0.982858 0.979627 0.976609 0.973832 0.971321 0.9691 0.96719 0.96561 0.964378 0.963509 0.963015 0.962907 0.963192 0.963875 0.964958 0.966438 0.96831 0.970562 0.97318 0.976141 0.979419 0.98298 0.986786 0.990792 0.994947
 0.999797 1.00187 1.00393 1.00595 1.0079 1.00975 1.01149 1.01309 1.01453 1.0158 1.01687 1.01775 1.01841 1.01885 1.01907 1.01907 1.01884 1.0184 1.01776 1.01691 1.01587 1.01466 1.01329 1.01178 1.01014 1.0084 1.00657 1.00468 1.00274 1.00078 0.998816 0.996871 0.994963 0.993114 0.991341 0.989663 0.988097 0.986659 0.985363 0.984224 0.983253 0.982461 0.981857 0.981449 0.981242 0.981239 0.981443 0.981854 0.982469 0.983284 0.984291 0.985483 0.986847 0.988369 0.990034 0.991823 0.993717 0.995693 0.997728
 1 1 1 1 1 1 1 1 1 1 1 1 1 1 1 1 1 1 1 1 1 1 1 1 1 1 1 1 1 1 1 1 1 1 1 1 1 1 1 1 1 1 1 1 1 1 1 1 1 1 1 1 1 1 1 1 1 1 1
