theta = rows; phi = columns
 0.999954 1.0009 1.00184 1.00276 1.00365 1.0045 1.00529 1.00603 1.0067 1.00729 1.0078 1.00823 1.00856 1.00879 1.00893 1.00896 1.0089 1.00874 1.00848 1.00813 1.00769 1.00717 1.00657 1.0059 1.00517 1.00438 1.00355 1.00268 1.00179 1.00087 0.999954 0.999035 0.998127 0.99724 0.996383 0.995564 0.994794 0.994078 0.993426 0.992844 0.992337 0.991912 0.991573 0.991324 0.991168 0.991106 0.991141 0.991271 0.991497 0.991816 0.992225 0.992721 0.993297 0.99395 0.99467 0.995452 0.996286 0.997163 0.998074 0
 0.999587 1.00253 1.00545 1.00831 1.01108 1.01372 1.01619 1.01846 1.02051 1.02231 1.02384 1.02509 1.02604 1.02668 1.02701 1.02704 1.02676 1.02618 1.02531 1.02417 1.02278 1.02114 1.01929 1.01724 1.01503 1.01266 1.01018 1.0076 1.00496 1.00228 0.999587 0.996909 0.99427 0.991698 0.989215 0.986845 0.984611 0.982533 0.980631 0.978923 0.977426 0.976154 0.975122 0.97434 0.973819 0.973566 0.973588 0.973888 0.974467 0.975323 0.976454 0.97785 0.979503 0.981399 0.983519 0.985844 0.98835 0.991009 0.993791 0
 0.998864 1.00395 1.00902 1.01399 1.01878 1.02334 1.02758 1.03146 1.03493 1.03794 1.04047 1.04248 1.04396 1.04492 1.04534 1.04523 1.04461 1.04349 1.0419 1.03987 1.03743 1.03461 1.03144 1.02798 1.02426 1.02031 1.0162 1.01195 1.00762 1.00324 0.998864 0.994522 0.990257 0.986108 0.98211 0.978297 0.974701 0.971353 0.96828 0.965509 0.963064 0.960967 0.959238 0.957896 0.956958 0.956437 0.956348 0.956699 0.957499 0.958753 0.960462 0.962622 0.965227 0.968263 0.971708 0.975536 0.97971 0.984186 0.988911 0
 0.997806 1.00523 1.01264 1.01989 1.02688 1.03348 1.03959 1.04513 1.05002 1.0542 1.05765 1.06034 1.06225 1.06339 1.06377 1.0634 1.06232 1.06056 1.05815 1.05514 1.05157 1.04751 1.043 1.03809 1.03286 1.02735 1.02164 1.01576 1.0098 1.00379 0.997806 0.991891 0.986097 0.980473 0.975063 0.96991 0.965053 0.960528 0.956369 0.952606 0.949269 0.946383 0.943975 0.942065 0.940677 0.939831 0.939547 0.939842 0.940735 0.94224 0.944371 0.947137 0.950542 0.954583 0.959247 0.96451 0.970331 0.976654 0.983404 0
 0.996448 1.00644 1.01643 1.0262 1.03556 1.04433 1.05237 1.05956 1.06581 1.07108 1.07533 1.07855 1.08075 1.08193 1.08213 1.08138 1.07973 1.07722 1.07391 1.06986 1.06513 1.05979 1.05391 1.04756 1.04083 1.03378 1.0265 1.01905 1.01152 1.00396 0.996448 0.98905 0.981823 0.974824 0.968106 0.961715 0.955696 0.950089 0.944931 0.940255 0.93609 0.932467 0.929409 0.926943 0.925093 0.923883 0.923338 0.923484 0.924348 0.925959 0.928345 0.931536 0.935559 0.940433 0.94617 0.952762 0.960182 0.96837 0.977235 0
 0.994841 1.00772 1.02059 1.03314 1.04506 1.05609 1.06606 1.07483 1.08233 1.08851 1.09338 1.09695 1.09925 1.10031 1.1002 1.09895 1.09663 1.0933 1.08903 1.08389 1.07797 1.07135 1.06411 1.05634 1.04814 1.0396 1.03081 1.02185 1.01281 1.00378 0.994841 0.986054 0.977495 0.969224 0.961301 0.953776 0.946697 0.940106 0.93404 0.928533 0.923614 0.919311 0.915649 0.912652 0.910344 0.908751 0.907899 0.907819 0.908546 0.910122 0.912593 0.916013 0.920439 0.925931 0.93254 0.940304 0.94923 0.959279 0.970355 0
 0.993049 1.00923 1.0254 1.04103 1.05568 1.06902 1.08082 1.09099 1.09949 1.10634 1.11158 1.11526 1.11747 1.11825 1.11768 1.11583 1.11277 1.10857 1.10331 1.09708 1.08998 1.08209 1.07352 1.06438 1.05477 1.04479 1.03456 1.02417 1.01373 1.00333 0.993049 0.98298 0.973194 0.963761 0.954741 0.94619 0.938155 0.930679 0.9238 0.917548 0.911952 0.907036 0.902823 0.899333 0.896587 0.894608 0.893422 0.89306 0.89356 0.894974 0.897363 0.900805 0.905395 0.911241 0.918459 0.927163 0.937434 0.949298 0.962679 0
 0.993049 1.00923 1.0254 1.04103 1.05568 1.08339 1.09679 1.10802 1.11716 1.12431 1.12961 1.13315 1.13505 1.13539 1.13426 1.13173 1.12788 1.12279 1.11655 1.10925 1.10099 1.09189 1.08206 1.07161 1.06066 1.04935 1.03777 1.02606 1.01432 1.00265 0.991153 0.979917 0.969023 0.958543 0.948542 0.939076 0.930193 0.921936 0.914339 0.907433 0.90124 0.895783 0.891079 0.887143 0.88399 0.881639 0.88011 0.87943 0.879636 0.88078 0.882934 0.886195 0.89069 0.896584 0.904076 0.913389 0.937434 0.949298 0.962679 0
 0.993049 1.00923 1.0254 1.04103 1.05568 1.08339 1.09679 1.12577 1.13503 1.14206 1.14705 1.15019 1.15159 1.15136 1.14958 1.14633 1.14168 1.13572 1.12853 1.12021 1.11087 1.10064 1.08963 1.07797 1.0658 1.05326 1.04046 1.02755 1.01463 1.00183 0.989244 0.97697 0.965095 0.953693 0.942831 0.932566 0.922947 0.914013 0.905797 0.898326 0.891621 0.885696 0.880565 0.876236 0.872719 0.870022 0.868158 0.867146 0.867016 0.867812 0.869606 0.872499 0.876644 0.882251 0.904076 0.913389 0.937434 0.949298 0.962679 0
 0.993049 1.00923 1.0254 1.04103 1.05568 1.08339 1.09679 1.12577 1.15263 1.15905 1.1634 1.16589 1.16664 1.16574 1.16328 1.1593 1.15388 1.1471 1.13903 1.12978 1.11947 1.10821 1.09615 1.08341 1.07016 1.05652 1.04265 1.02868 1.01474 1.00095 0.987417 0.974248 0.961528 0.949336 0.93774 0.926797 0.916553 0.907048 0.898312 0.890368 0.883232 0.876915 0.871423 0.86676 0.862926 0.859921 0.857747 0.856411 0.855929 0.856333 0.857679 0.86006 0.863628 0.882251 0.904076 0.913389 0.937434 0.949298 0.962679 0
 0.993049 1.00923 1.0254 1.04103 1.05568 1.08339 1.09679 1.12577 1.15263 1.17462 1.17805 1.17972 1.17974 1.17815 1.17501 1.17036 1.16424 1.15672 1.14788 1.13782 1.12666 1.11452 1.10155 1.0879 1.07372 1.05916 1.04438 1.02951 1.01471 1.00009 0.985769 0.971854 0.958435 0.945591 0.933391 0.921892 0.911139 0.901169 0.892011 0.883683 0.876198 0.869563 0.863779 0.858841 0.854742 0.851475 0.849029 0.847397 0.846578 0.846584 0.847447 0.849231 0.863628 0.882251 0.904076 0.913389 0.937434 0.949298 0.962679 0
 0.993049 1.00923 1.0254 1.04103 1.05568 1.08339 1.09679 1.12577 1.15263 1.188 1.19037 1.19117 1.19045 1.18822 1.18448 1.17923 1.17252 1.1644 1.15492 1.1442 1.13235 1.1195 1.1058 1.0914 1.07647 1.06118 1.04566 1.03009 1.0146 0.999328 0.984386 0.969884 0.955916 0.942563 0.929892 0.917961 0.906813 0.896484 0.886999 0.878376 0.870623 0.863744 0.857733 0.852581 0.848276 0.844798 0.842128 0.840246 0.839132 0.838775 0.839175 0.840358 0.863628 0.882251 0.904076 0.913389 0.937434 0.949298 0.962679 0
 0.993049 1.00923 1.0254 1.04103 1.05568 1.08339 1.09679 1.12577 1.15263 1.188 1.19972 1.19975 1.19841 1.19565 1.19142 1.18573 1.17857 1.16998 1.16003 1.14882 1.13646 1.12308 1.10884 1.09391 1.07843 1.0626 1.04656 1.03047 1.01448 0.998734 0.983342 0.968418 0.954056 0.940338 0.92733 0.91509 0.903661 0.893077 0.883362 0.87453 0.866587 0.859534 0.853363 0.848059 0.843604 0.839973 0.837137 0.835065 0.833721 0.833072 0.83309 0.840358 0.863628 0.882251 0.904076 0.913389 0.937434 0.949298 0.962679 0
 0.993049 1.00923 1.0254 1.04103 1.05568 1.08339 1.09679 1.12577 1.15263 1.188 1.20557 1.20507 1.20331 1.2002 1.19567 1.18968 1.18224 1.17337 1.16313 1.15162 1.13894 1.12524 1.11068 1.09541 1.07961 1.06344 1.04708 1.03068 1.01439 0.998356 0.982693 0.967515 0.952916 0.938977 0.925768 0.913343 0.901746 0.89101 0.881156 0.872199 0.864144 0.856988 0.85072 0.845326 0.840781 0.837057 0.834119 0.831928 0.830438 0.829601 0.829366 0.840358 0.863628 0.882251 0.904076 0.913389 0.937434 0.949298 0.962679 0
 0.993049 1.00923 1.0254 1.04103 1.05568 1.08339 1.09679 1.12577 1.15263 1.188 1.20756 1.20688 1.20497 1.20173 1.19709 1.19101 1.18347 1.1745 1.16417 1.15255 1.13977 1.12597 1.11129 1.09591 1.08 1.06372 1.04725 1.03075 1.01436 0.998226 0.982473 0.967209 0.952531 0.93852 0.925243 0.912757 0.901104 0.890317 0.880418 0.871419 0.863326 0.856136 0.849837 0.844411 0.839836 0.836081 0.833109 0.830878 0.829338 0.828436 0.828112 0.840358 0.863628 0.882251 0.904076 0.913389 0.937434 0.949298 0.962679 0
 0.993049 1.00923 1.0254 1.04103 1.05568 1.08339 1.09679 1.12577 1.15263 1.188 1.20706 1.20642 1.20455 1.20135 1.19674 1.19068 1.18316 1.17422 1.16391 1.15232 1.13956 1.12579 1.11114 1.09578 1.0799 1.06365 1.04721 1.03073 1.01437 0.998259 0.982528 0.967286 0.952627 0.938634 0.925375 0.912904 0.901265 0.89049 0.880602 0.871614 0.863531 0.856349 0.850058 0.84464 0.840073 0.836325 0.833362 0.83114 0.829613 0.828727 0.828426 0.840358 0.863628 0.882251 0.904076 0.913389 0.937434 0.949298 0.962679 0
 0.993049 1.00923 1.0254 1.04103 1.05568 1.08339 1.09679 1.12577 1.15263 1.188 1.20311 1.20284 1.20126 1.19829 1.19389 1.18803 1.1807 1.17195 1.16184 1.15045 1.1379 1.12434 1.10991 1.09478 1.07912 1.06309 1.04686 1.03059 1.01443 0.998515 0.982966 0.967893 0.953393 0.939546 0.926421 0.914074 0.902547 0.891874 0.882077 0.873172 0.865164 0.858051 0.851823 0.846466 0.841959 0.838274 0.835379 0.833238 0.831809 0.831052 0.830924 0.840358 0.863628 0.882251 0.904076 0.913389 0.937434 0.949298 0.962679 0
 0.993049 1.00923 1.0254 1.04103 1.05568 1.08339 1.09679 1.12577 1.15263 1.188 1.19545 1.19585 1.1948 1.19228 1.18828 1.18279 1.17583 1.16746 1.15772 1.14674 1.1346 1.12147 1.10747 1.09278 1.07755 1.06196 1.04616 1.0303 1.01454 0.999007 0.983818 0.969084 0.9549 0.941346 0.92849 0.916388 0.905086 0.894616 0.885005 0.876266 0.868409 0.861434 0.855334 0.850099 0.845711 0.84215 0.83939 0.837404 0.836165 0.835651 0.835847 0.840358 0.863628 0.882251 0.904076 0.913389 0.937434 0.949298 0.962679 0
 0.993049 1.00923 1.0254 1.04103 1.05568 1.08339 1.09679 1.12577 1.15263 1.18164 1.18454 1.18578 1.18542 1.1835 1.18004 1.17508 1.16865 1.16081 1.15164 1.14123 1.1297 1.11718 1.10382 1.08977 1.07519 1.06024 1.04507 1.02983 1.01466 0.999692 0.98504 0.970811 0.957098 0.943982 0.93153 0.919798 0.908834 0.898672 0.889338 0.880852 0.873223 0.866456 0.860551 0.855498 0.851289 0.84791 0.845345 0.843581 0.842608 0.842426 0.84305 0.84453 0.863628 0.882251 0.904076 0.913389 0.937434 0.949298 0.962679 0
 0.993049 1.00923 1.0254 1.04103 1.05568 1.08339 1.09679 1.12577 1.16112 1 1.17098 1.17307 1.17346 1.17222 1.16941 1.16509 1.15931 1.15214 1.14368 1.13401 1.12325 1.11153 1.09899 1.08578 1.07204 1.05792 1.04357 1.02913 1.01474 1.00051 0.986565 0.973003 0.959915 0.94738 0.935466 0.924229 0.913716 0.903966 0.895006 0.886859 0.879539 0.873053 0.867407 0.862599 0.858626 0.855483 0.853168 0.851679 0.851025 0.851229 0.852334 1 0.857635 0.882251 0.904076 0.913389 0.937434 0.949298 0.962679 0
 0.993049 1.00923 1.0254 1.04103 1.05568 1.08339 1.09679 1.13481 1 1 1.1554 1.15824 1.15933 1.15877 1.15665 1.15304 1.148 1.14161 1.13397 1.12518 1.11534 1.10458 1.09302 1.08081 1.06808 1.05497 1.04162 1.02816 1.01471 1.00139 0.988314 0.975574 0.963259 0.951445 0.9402 0.929581 0.919635 0.910402 0.901914 0.894195 0.887264 0.881134 0.875814 0.871311 0.867629 0.864773 0.86275 0.861574 0.861268 0.861871 0.863449 1 1 0.875319 0.904076 0.913389 0.937434 0.949298 0.962679 0
 0.993049 1.00923 1.0254 1.04103 1.05568 1.08339 1.10525 1 1 1.13324 1.13843 1.1418 1.14348 1.14355 1.1421 1.13921 1.13496 1.12943 1.12271 1.11489 1.10608 1.0964 1.08597 1.0749 1.06333 1.05138 1.03918 1.02685 1.0145 1.00225 0.990194 0.978423 0.967021 0.956064 0.945617 0.935737 0.926472 0.917863 0.909945 0.902744 0.896285 0.890585 0.885659 0.88152 0.878179 0.875651 0.873952 0.873107 0.873148 0.874126 0.876114 0.879212 1 1 0.896835 0.913389 0.937434 0.949298 0.962679 0
 0.993049 1.00923 1.0254 1.04547 1 1 1 1 1.10828 1.11533 1.12064 1.12429 1.12636 1.12694 1.12611 1.12392 1.12047 1.11583 1.11007 1.10331 1.09562 1.08711 1.0779 1.0681 1.05781 1.04715 1.03623 1.02517 1.01406 1.00301 0.992108 0.981441 0.971086 0.961114 0.951589 0.942566 0.934093 0.926214 0.918964 0.912373 0.906469 0.901273 0.896807 0.893087 0.890134 0.887966 0.886608 0.88609 0.88645 0.887741 0.89003 0.893406 0.897981 1 1 1 1 0.943934 0.962679 0
 1 1 1 1 1 1 1 1.0828 1.09084 1.09739 1.10248 1.10614 1.10841 1.10936 1.10903 1.10749 1.10481 1.10105 1.09629 1.0906 1.08409 1.07683 1.06892 1.06046 1.05154 1.04227 1.03275 1.02307 1.01332 1.00359 0.993963 0.984522 0.975335 0.966469 0.957983 0.949932 0.942362 0.935316 0.928831 0.92294 0.917673 0.913055 0.90911 0.905861 0.903331 0.901544 0.900528 0.900312 0.900936 0.902446 0.904896 0.908353 0.912893 0.918597 1 1 1 1 1 0
 1 1 1 1 1 1 1.05909 1.06709 1.07398 1.07974 1.08432 1.08774 1.09001 1.09116 1.09122 1.09023 1.08826 1.08535 1.08156 1.07697 1.07164 1.06566 1.0591 1.05204 1.04457 1.03677 1.02872 1.02051 1.01221 1.00391 0.995672 0.987567 0.979661 0.972013 0.964679 0.957708 0.951147 0.945035 0.939412 0.934309 0.929758 0.925787 0.922421 0.919685 0.917605 0.916205 0.915511 0.915552 0.91636 0.91797 0.92042 0.923751 0.928004 0.933217 0.939419 1 1 1 1 0
 0.997162 1.00584 1.0145 1.02299 1.03114 1.03881 1.04588 1.05224 1.05783 1.06257 1.06644 1.06941 1.07148 1.07266 1.07297 1.07243 1.07108 1.06895 1.0661 1.06257 1.05843 1.05373 1.04854 1.04291 1.03693 1.03065 1.02414 1.01747 1.01071 1.00392 0.997162 0.990494 0.983971 0.977647 0.97157 0.965786 0.960335 0.955257 0.950587 0.946358 0.942598 0.939337 0.936599 0.934409 0.93279 0.931766 0.931358 0.93159 0.932482 0.934058 0.936338 0.93934 0.943079 0.947561 0.952782 0.958726 0.965355 0.972609 0.980405 0
 0.998375 1.00461 1.01081 1.0169 1.02277 1.02833 1.0335 1.03821 1.04239 1.04599 1.04899 1.05135 1.05307 1.05413 1.05455 1.05433 1.05349 1.05206 1.05008 1.04757 1.04457 1.04113 1.0373 1.03312 1.02864 1.02391 1.01899 1.01392 1.00877 1.00357 0.998375 0.993235 0.988194 0.983295 0.978578 0.974082 0.969844 0.965895 0.962268 0.958992 0.956093 0.953597 0.951525 0.949899 0.948739 0.948061 0.947884 0.94822 0.949082 0.95048 0.95242 0.954904 0.95793 0.961487 0.965558 0.970113 0.975115 0.980511 0.986238 0
 0.999269 1.00326 1.00724 1.01113 1.01489 1.01847 1.02182 1.02489 1.02764 1.03005 1.03208 1.03372 1.03495 1.03576 1.03615 1.03613 1.03569 1.03486 1.03364 1.03207 1.03016 1.02794 1.02544 1.02269 1.01972 1.01657 1.01326 1.00985 1.00635 1.00282 0.999269 0.995747 0.992284 0.988909 0.985656 0.982551 0.979624 0.976899 0.974402 0.972154 0.970176 0.968488 0.967106 0.966047 0.965322 0.964944 0.964922 0.965261 0.965967 0.967041 0.968479 0.970276 0.972422 0.974902 0.977696 0.980779 0.98412 0.987684 0.991427 0
 0.999816 1.00174 1.00366 1.00553 1.00734 1.00907 1.01069 1.01218 1.01353 1.01473 1.01575 1.01659 1.01724 1.01769 1.01793 1.01798 1.01782 1.01747 1.01692 1.01619 1.01528 1.01422 1.013 1.01165 1.01018 1.0086 1.00694 1.00522 1.00344 1.00163 0.999816 0.998005 0.996218 0.994474 0.99279 0.991182 0.989667 0.988259 0.986972 0.98582 0.984813 0.983963 0.983279 0.982768 0.982438 0.982291 0.982333 0.982563 0.982982 0.983587 0.984373 0.985335 0.986464 0.987749 0.989177 0.990735 0.992404 0.994168 0.996005 0
 1 1 1 1 1 1 1 1 1 1 1 1 1 1 1 1 1 1 1 1 1 1 1 1 1 1 1 1 1 1 1 1 1 1 1 1 1 1 1 1 1 1 1 1 1 1 1 1 1 1 1 1 1 1 1 1 1 1 1 0
