theta = rows; phi = columns
 0.307201 0.307397 0.307985 0.308958 0.310304 0.31201 0.314056 0.31642 0.319075 0.321993 0.325142 0.328486 0.33199 0.335614 0.339319 0.343065 0.346809 0.350512 0.354133 0.357632 0.360971 0.364113 0.367025 0.369673 0.37203 0.37407 0.37577 0.377112 0.378081 0.378667 0.378862 0.378667 0.378081 0.377112 0.37577 0.37407 0.37203 0.369673 0.367025 0.364113 0.360971 0.357632 0.354133 0.350512 0.346809 0.343065 0.339319 0.335614 0.33199 0.328486 0.325142 0.321993 0.319075 0.31642 0.314056 0.31201 0.310304 0.308958 0.307985 0
 0.235647 0.236237 0.238003 0.240923 0.244966 0.250085 0.256224 0.263314 0.271276 0.28002 0.289452 0.299465 0.30995 0.320791 0.33187 0.343065 0.354253 0.365313 0.376123 0.386567 0.39653 0.405904 0.414588 0.422487 0.429514 0.435595 0.440663 0.444663 0.447552 0.449298 0.449882 0.449298 0.447552 0.444663 0.440663 0.435595 0.429514 0.422487 0.414588 0.405904 0.39653 0.386567 0.376123 0.365313 0.354253 0.343065 0.33187 0.320791 0.30995 0.299465 0.289452 0.28002 0.271276 0.263314 0.256224 0.250085 0.244966 0.240923 0.238003 0
 0.164917 0.165901 0.168842 0.173704 0.180433 0.188949 0.199156 0.210936 0.224156 0.238668 0.254308 0.270903 0.28827 0.306218 0.324549 0.343065 0.361562 0.379842 0.397705 0.414957 0.431413 0.446895 0.461234 0.474276 0.485879 0.495917 0.504282 0.510883 0.515651 0.518532 0.519496 0.518532 0.515651 0.510883 0.504282 0.495917 0.485879 0.474276 0.461234 0.446895 0.431413 0.414957 0.397705 0.379842 0.361562 0.343065 0.324549 0.306218 0.28827 0.270903 0.254308 0.238668 0.224156 0.210936 0.199156 0.188949 0.180433 0.173704 0.168842 0
 0.0956896 0.0970648 0.101173 0.107965 0.117357 0.129234 0.143456 0.159855 0.17824 0.198402 0.220114 0.243132 0.267204 0.292064 0.317443 0.343065 0.368653 0.393932 0.418629 0.442478 0.465225 0.48662 0.506434 0.524454 0.540489 0.554361 0.56592 0.575042 0.581629 0.58561 0.586942 0.58561 0.581629 0.575042 0.56592 0.554361 0.540489 0.524454 0.506434 0.48662 0.465225 0.442478 0.418629 0.393932 0.368653 0.343065 0.317443 0.292064 0.267204 0.243132 0.220114 0.198402 0.17824 0.159855 0.143456 0.129234 0.117357 0.107965 0.101173 0
 0.0285444 0.0303127 0.0355927 0.0443105 0.0563473 0.0715443 0.0897093 0.110623 0.134038 0.159682 0.187264 0.216476 0.246997 0.278496 0.310634 0.343065 0.375441 0.407418 0.438653 0.468814 0.497573 0.524624 0.549679 0.572462 0.592731 0.61027 0.624886 0.63642 0.644749 0.649784 0.651468 0.649784 0.644749 0.63642 0.624886 0.61027 0.592731 0.572462 0.549679 0.524624 0.497573 0.468814 0.438653 0.407418 0.375441 0.343065 0.310634 0.278496 0.246997 0.216476 0.187264 0.159682 0.134038 0.110623 0.0897093 0.0715443 0.0563473 0.0443105 0.0355927 0
 0.0285444 0.0303127 0.0355927 0.0443105 0.0563473 0.0163931 0.038455 0.063775 0.0920467 0.122951 0.15614 0.191247 0.227889 0.265675 0.304203 0.343065 0.381849 0.420145 0.457548 0.493658 0.52809 0.560478 0.590469 0.617749 0.642017 0.663015 0.680515 0.694325 0.7043 0.710328 0.712344 0.710328 0.7043 0.694325 0.680515 0.663015 0.642017 0.617749 0.590469 0.560478 0.52809 0.493658 0.457548 0.420145 0.381849 0.343065 0.304203 0.265675 0.227889 0.191247 0.15614 0.122951 0.0920467 0.063775 0.038455 0.0163931 0.0563473 0.0443105 0.0355927 0
 0.0285444 0.0303127 0.0355927 0.0443105 0.0563473 0.0163931 0.038455 0.0197826 0.0527388 0.0886408 0.127113 0.167746 0.210107 0.253753 0.298226 0.343065 0.3878 0.431963 0.475093 0.516725 0.556427 0.593765 0.628347 0.659799 0.687782 0.711994 0.732172 0.748098 0.759599 0.766551 0.768876 0.766551 0.759599 0.748098 0.732172 0.711994 0.687782 0.659799 0.628347 0.593765 0.556427 0.516725 0.475093 0.431963 0.3878 0.343065 0.298226 0.253753 0.210107 0.167746 0.127113 0.0886408 0.0527388 0.0197826 0.038455 0.0163931 0.0563473 0.0443105 0.0355927 0
 0.0285444 0.0303127 0.0355927 0.0443105 0.0563473 0.0163931 0.038455 0.0197826 0.0165431 0.0571566 0.100531 0.146256 0.193864 0.24287 0.292773 0.343065 0.393226 0.442738 0.491085 0.537754 0.582251 0.624109 0.662873 0.69813 0.7295 0.756643 0.779264 0.79712 0.810014 0.817807 0.820414 0.817807 0.810014 0.79712 0.779264 0.756643 0.7295 0.69813 0.662873 0.624109 0.582251 0.537754 0.491085 0.442738 0.393226 0.343065 0.292773 0.24287 0.193864 0.146256 0.100531 0.0571566 0.0165431 0.0197826 0.038455 0.0163931 0.0563473 0.0443105 0.0355927 0
 0.0285444 0.0303127 0.0355927 0.0443105 0.0563473 0.0163931 0.038455 0.0197826 0.0165431 0.0288733 0.0767263 0.127041 0.179356 0.233157 0.287909 0.343065 0.398063 0.452343 0.505339 0.556497 0.605274 0.651155 0.693649 0.7323 0.76669 0.796447 0.821248 0.840823 0.85496 0.863504 0.866363 0.863504 0.85496 0.840823 0.821248 0.796447 0.76669 0.7323 0.693649 0.651155 0.605274 0.556497 0.505339 0.452343 0.398063 0.343065 0.287909 0.233157 0.179356 0.127041 0.0767263 0.0288733 0.0165431 0.0197826 0.038455 0.0163931 0.0563473 0.0443105 0.0355927 0
 0.0285444 0.0303127 0.0355927 0.0443105 0.0563473 0.0163931 0.038455 0.0197826 0.0165431 0.00415512 0.0559946 0.110339 0.166761 0.224731 0.283692 0.343065 0.402256 0.460667 0.51769 0.572737 0.625224 0.674595 0.720322 0.761914 0.798922 0.830945 0.857635 0.878703 0.893917 0.903113 0.906189 0.903113 0.893917 0.878703 0.857635 0.830945 0.798922 0.761914 0.720322 0.674595 0.625224 0.572737 0.51769 0.460667 0.402256 0.343065 0.283692 0.224731 0.166761 0.110339 0.0559946 0.00415512 0.0165431 0.0197826 0.038455 0.0163931 0.0563473 0.0443105 0.0355927 0
 0.0285444 0.0303127 0.0355927 0.0443105 0.0563473 0.0163931 0.038455 0.0197826 0.0165431 0.00415512 0.038608 0.0963642 0.156233 0.217693 0.280171 0.343065 0.405755 0.467613 0.527999 0.586289 0.641871 0.694154 0.74258 0.786627 0.825821 0.859736 0.888004 0.910317 0.926431 0.936171 0.939429 0.936171 0.926431 0.910317 0.888004 0.859736 0.825821 0.786627 0.74258 0.694154 0.641871 0.586289 0.527999 0.467613 0.405755 0.343065 0.280171 0.217693 0.156233 0.0963642 0.038608 0.00415512 0.0165431 0.0197826 0.038455 0.0163931 0.0563473 0.0443105 0.0355927 0
 0.0285444 0.0303127 0.0355927 0.0443105 0.0563473 0.0163931 0.038455 0.0197826 0.0165431 0.00415512 0.0248078 0.0852976 0.147904 0.212128 0.277388 0.343065 0.40852 0.473101 0.536144 0.596997 0.655024 0.709608 0.760166 0.806154 0.847075 0.882486 0.912001 0.935298 0.952123 0.962292 0.965694 0.962292 0.952123 0.935298 0.912001 0.882486 0.847075 0.806154 0.760166 0.709608 0.655024 0.596997 0.536144 0.473101 0.40852 0.343065 0.277388 0.212128 0.147904 0.0852976 0.0248078 0.00415512 0.0165431 0.0197826 0.038455 0.0163931 0.0563473 0.0443105 0.0355927 0
 0.0285444 0.0303127 0.0355927 0.0443105 0.0563473 0.0163931 0.038455 0.0197826 0.0165431 0.00415512 0.0147958 0.0772841 0.141878 0.208105 0.275376 0.343065 0.410518 0.477067 0.54203 0.604736 0.66453 0.720777 0.772876 0.820266 0.862436 0.898928 0.929344 0.953353 0.970692 0.981172 0.984678 0.981172 0.970692 0.953353 0.929344 0.898928 0.862436 0.820266 0.772876 0.720777 0.66453 0.604736 0.54203 0.477067 0.410518 0.343065 0.275376 0.208105 0.141878 0.0772841 0.0147958 0.00415512 0.0165431 0.0197826 0.038455 0.0163931 0.0563473 0.0443105 0.0355927 0
 0.0285444 0.0303127 0.0355927 0.0443105 0.0563473 0.0163931 0.038455 0.0197826 0.0165431 0.00415512 0.0087247 0.0724316 0.138231 0.20567 0.274159 0.343065 0.411726 0.479465 0.545589 0.609415 0.670277 0.72753 0.780561 0.8288 0.871725 0.908871 0.939832 0.964271 0.981921 0.992589 0.996158 0.992589 0.981921 0.964271 0.939832 0.908871 0.871725 0.8288 0.780561 0.72753 0.670277 0.609415 0.545589 0.479465 0.411726 0.343065 0.274159 0.20567 0.138231 0.0724316 0.0087247 0.00415512 0.0165431 0.0197826 0.038455 0.0163931 0.0563473 0.0443105 0.0355927 0
 0.0285444 0.0303127 0.0355927 0.0443105 0.0563473 0.0163931 0.038455 0.0197826 0.0165431 0.00415512 0.00668999 0.0708066 0.137011 0.204856 0.273752 0.343065 0.41213 0.480267 0.54678 0.610981 0.672201 0.72979 0.783133 0.831656 0.874834 0.912198 0.943341 0.967925 0.985679 0.99641 1 0.99641 0.985679 0.967925 0.943341 0.912198 0.874834 0.831656 0.783133 0.72979 0.672201 0.610981 0.54678 0.480267 0.41213 0.343065 0.273752 0.204856 0.137011 0.0708066 0.00668999 0.00415512 0.0165431 0.0197826 0.038455 0.0163931 0.0563473 0.0443105 0.0355927 0
 0.0285444 0.0303127 0.0355927 0.0443105 0.0563473 0.0163931 0.038455 0.0197826 0.0165431 0.00415512 0.0071992 0.0712132 0.137316 0.20506 0.273854 0.343065 0.412029 0.480066 0.546482 0.610589 0.67172 0.729224 0.782489 0.830941 0.874056 0.911365 0.942463 0.967011 0.984739 0.995454 0.999039 0.995454 0.984739 0.967011 0.942463 0.911365 0.874056 0.830941 0.782489 0.729224 0.67172 0.610589 0.546482 0.480066 0.412029 0.343065 0.273854 0.20506 0.137316 0.0712132 0.0071992 0.00415512 0.0165431 0.0197826 0.038455 0.0163931 0.0563473 0.0443105 0.0355927 0
 0.0285444 0.0303127 0.0355927 0.0443105 0.0563473 0.0163931 0.038455 0.0197826 0.0165431 0.00415512 0.0112603 0.0744576 0.139753 0.206686 0.274667 0.343065 0.411221 0.478464 0.544104 0.607462 0.667878 0.724711 0.777353 0.825238 0.867848 0.904721 0.935454 0.959714 0.977234 0.987824 0.991367 0.987824 0.977234 0.959714 0.935454 0.904721 0.867848 0.825238 0.777353 0.724711 0.667878 0.607462 0.544104 0.478464 0.411221 0.343065 0.274667 0.206686 0.139753 0.0744576 0.0112603 0.00415512 0.0165431 0.0197826 0.038455 0.0163931 0.0563473 0.0443105 0.0355927 0
 0.0285444 0.0303127 0.0355927 0.0443105 0.0563473 0.0163931 0.038455 0.0197826 0.0165431 0.00415512 0.0193176 0.0809016 0.144597 0.20992 0.276284 0.343065 0.409616 0.475277 0.539374 0.601244 0.660241 0.715737 0.767141 0.813898 0.855505 0.891509 0.921518 0.945206 0.962313 0.972653 0.976112 0.972653 0.962313 0.945206 0.921518 0.891509 0.855505 0.813898 0.767141 0.715737 0.660241 0.601244 0.539374 0.475277 0.409616 0.343065 0.276284 0.20992 0.144597 0.0809016 0.0193176 0.00415512 0.0165431 0.0197826 0.038455 0.0163931 0.0563473 0.0443105 0.0355927 0
 0.0285444 0.0303127 0.0355927 0.0443105 0.0563473 0.0163931 0.038455 0.0197826 0.0165431 0.00415512 0.0312461 0.0904577 0.151786 0.214722 0.278685 0.343065 0.407231 0.470543 0.532349 0.592007 0.648894 0.702406 0.751971 0.797054 0.837171 0.871884 0.900818 0.923656 0.94015 0.950119 0.953454 0.950119 0.94015 0.923656 0.900818 0.871884 0.837171 0.797054 0.751971 0.702406 0.648894 0.592007 0.532349 0.470543 0.407231 0.343065 0.278685 0.214722 0.151786 0.0904577 0.0312461 0.00415512 0.0165431 0.0197826 0.038455 0.0163931 0.0563473 0.0443105 0.0355927 0
 0.0285444 0.0303127 0.0355927 0.0443105 0.0563473 0.0163931 0.038455 0.0197826 0.0165431 0.00415512 0.0468674 0.102999 0.16123 0.221033 0.281841 0.343065 0.404095 0.464317 0.523108 0.579859 0.633973 0.684874 0.732019 0.774902 0.813059 0.846076 0.873596 0.895317 0.911005 0.920486 0.923658 0.920486 0.911005 0.895317 0.873596 0.846076 0.813059 0.774902 0.732019 0.684874 0.633973 0.579859 0.523108 0.464317 0.404095 0.343065 0.281841 0.221033 0.16123 0.102999 0.0468674 0.00415512 0.0165431 0.0197826 0.038455 0.0163931 0.0563473 0.0443105 0.0355927 0
 0.0285444 0.0303127 0.0355927 0.0443105 0.0563473 0.0163931 0.038455 0.0197826 0.0165431 0.0160469 0.065959 0.118362 0.172809 0.228777 0.285717 0.343065 0.400244 0.456671 0.511761 0.564942 0.615648 0.663344 0.707519 0.747699 0.78345 0.814385 0.840168 0.86052 0.875217 0.8841 0.887072 0.8841 0.875217 0.86052 0.840168 0.814385 0.78345 0.747699 0.707519 0.663344 0.615648 0.564942 0.511761 0.456671 0.400244 0.343065 0.285717 0.228777 0.172809 0.118362 0.065959 0.0160469 0.0165431 0.0197826 0.038455 0.0163931 0.0563473 0.0443105 0.0355927 0
 0.0285444 0.0303127 0.0355927 0.0443105 0.0563473 0.0163931 0.038455 0.0197826 0.0165431 0.0425922 0.0882629 0.136349 0.186382 0.23786 0.290264 0.343065 0.395722 0.447694 0.498439 0.547425 0.59413 0.638063 0.678753 0.715761 0.748689 0.77718 0.800926 0.819669 0.833204 0.841384 0.844121 0.841384 0.833204 0.819669 0.800926 0.77718 0.748689 0.715761 0.678753 0.638063 0.59413 0.547425 0.498439 0.447694 0.395722 0.343065 0.290264 0.23786 0.186382 0.136349 0.0882629 0.0425922 0.0165431 0.0197826 0.038455 0.0163931 0.0563473 0.0443105 0.0355927 0
 0.0285444 0.0303127 0.0355927 0.0443105 0.0563473 0.0163931 0.038455 0.0197826 0.0342256 0.0725222 0.113496 0.156733 0.201781 0.248173 0.29543 0.343065 0.390583 0.437489 0.483295 0.52751 0.569672 0.609328 0.646054 0.679458 0.709177 0.734892 0.756324 0.773239 0.785454 0.792837 0.795307 0.792837 0.785454 0.773239 0.756324 0.734892 0.709177 0.679458 0.646054 0.609328 0.569672 0.52751 0.483295 0.437489 0.390583 0.343065 0.29543 0.248173 0.201781 0.156733 0.113496 0.0725222 0.0342256 0.0197826 0.038455 0.0163931 0.0563473 0.0443105 0.0355927 0
 0.0285444 0.0303127 0.0355927 0.0443105 0.0563473 0.0163931 0.0139056 0.0413945 0.072031 0.105467 0.141343 0.179263 0.218819 0.259593 0.301153 0.343065 0.384886 0.426176 0.466502 0.505431 0.542553 0.577465 0.609801 0.639208 0.665373 0.688011 0.706877 0.721768 0.732521 0.73902 0.741194 0.73902 0.732521 0.721768 0.706877 0.688011 0.665373 0.639208 0.609801 0.577465 0.542553 0.505431 0.466502 0.426176 0.384886 0.343065 0.301153 0.259593 0.218819 0.179263 0.141343 0.105467 0.072031 0.0413945 0.0139056 0.0163931 0.0563473 0.0443105 0.0355927 0
 0.0285444 0.0303127 0.00371085 0.0134037 0.0267709 0.0436252 0.0637425 0.0868704 0.112736 0.141041 0.171463 0.203664 0.237292 0.271983 0.307366 0.343065 0.378697 0.413886 0.448255 0.481441 0.513081 0.542847 0.57041 0.595477 0.61778 0.637075 0.653156 0.665849 0.675014 0.680553 0.682406 0.680553 0.675014 0.665849 0.653156 0.637075 0.61778 0.595477 0.57041 0.542847 0.513081 0.481441 0.448255 0.413886 0.378697 0.343065 0.307366 0.271983 0.237292 0.203664 0.171463 0.141041 0.112736 0.0868704 0.0637425 0.0436252 0.0267709 0.0134037 0.00371085 0
 0.0618323 0.0634032 0.0680953 0.0758474 0.0865602 0.1001 0.116303 0.134974 0.155894 0.178821 0.203497 0.229645 0.256978 0.285197 0.313996 0.343065 0.37209 0.40076 0.428768 0.455813 0.481605 0.505863 0.528331 0.548766 0.566944 0.582669 0.595777 0.606122 0.613592 0.618107 0.619617 0.618107 0.613592 0.606122 0.595777 0.582669 0.566944 0.548766 0.528331 0.505863 0.481605 0.455813 0.428768 0.40076 0.37209 0.343065 0.313996 0.285197 0.256978 0.229645 0.203497 0.178821 0.155894 0.134974 0.116303 0.1001 0.0865602 0.0758474 0.0680953 0
 0.130077 0.131256 0.134782 0.140611 0.148674 0.158876 0.171099 0.185199 0.201016 0.218371 0.237068 0.256899 0.277645 0.299078 0.320964 0.343065 0.36514 0.386952 0.408264 0.428846 0.448477 0.466944 0.484048 0.499602 0.513439 0.525412 0.535391 0.543267 0.548954 0.55239 0.55354 0.55239 0.548954 0.543267 0.535391 0.525412 0.513439 0.499602 0.484048 0.466944 0.448477 0.428846 0.408264 0.386952 0.36514 0.343065 0.320964 0.299078 0.277645 0.256899 0.237068 0.218371 0.201016 0.185199 0.171099 0.158876 0.148674 0.140611 0.134782 0
 0.200136 0.200924 0.203278 0.207171 0.212558 0.21938 0.227557 0.236999 0.247599 0.259238 0.271787 0.285106 0.299049 0.313463 0.328188 0.343065 0.35793 0.372622 0.38698 0.40085 0.414081 0.426528 0.438057 0.448545 0.457876 0.465949 0.472677 0.477987 0.481821 0.484139 0.484914 0.484139 0.481821 0.477987 0.472677 0.465949 0.457876 0.448545 0.438057 0.426528 0.414081 0.40085 0.38698 0.372622 0.35793 0.343065 0.328188 0.313463 0.299049 0.285106 0.271787 0.259238 0.247599 0.236999 0.227557 0.21938 0.212558 0.207171 0.203278 0
 0.271366 0.271759 0.272936 0.274882 0.277577 0.28099 0.285084 0.289813 0.295124 0.300959 0.307254 0.313939 0.320941 0.328182 0.335584 0.343065 0.350542 0.357935 0.365163 0.372146 0.378809 0.385079 0.390887 0.396171 0.400872 0.404941 0.408331 0.411007 0.41294 0.414108 0.414499 0.414108 0.41294 0.411007 0.408331 0.404941 0.400872 0.396171 0.390887 0.385079 0.378809 0.372146 0.365163 0.357935 0.350542 0.343065 0.335584 0.328182 0.320941 0.313939 0.307254 0.300959 0.295124 0.289813 0.285084 0.28099 0.277577 0.274882 0.272936 0
 0.343065 0.343065 0.343065 0.343065 0.343065 0.343065 0.343065 0.343065 0.343065 0.343065 0.343065 0.343065 0.343065 0.343065 0.343065 0.343065 0.343065 0.343065 0.343064 0.343064 0.343064 0.343064 0.343064 0.343064 0.343064 0.343064 0.343064 0.343064 0.343064 0.343064 0.343064 0.343064 0.343064 0.343064 0.343064 0.343064 0.343064 0.343064 0.343064 0.343064 0.343064 0.343064 0.343064 0.343065 0.343065 0.343065 0.343065 0.343065 0.343065 0.343065 0.343065 0.343065 0.343065 0.343065 0.343065 0.343065 0.343065 0.343065 0.343065 0
