theta = rows; phi = columns
 0.345349 0.34547 0.345832 0.346432 0.347262 0.348314 0.349577 0.351039 0.352682 0.35449 0.356443 0.358521 0.360701 0.36296 0.365272 0.367614 0.369958 0.37228 0.374553 0.376753 0.378855 0.380836 0.382673 0.384346 0.385836 0.387127 0.388204 0.389054 0.389668 0.390039 0.390163 0.390039 0.389668 0.389054 0.388204 0.387127 0.385836 0.384346 0.382673 0.380836 0.378855 0.376753 0.374553 0.37228 0.369958 0.367614 0.365272 0.36296 0.360701 0.358521 0.356443 0.35449 0.352682 0.351039 0.349577 0.348314 0.347262 0.346432 0.345832 0
 0.299564 0.299923 0.300994 0.302769 0.305232 0.308358 0.312119 0.316479 0.321395 0.326818 0.332693 0.33896 0.345553 0.352402 0.359434 0.36657 0.373733 0.380843 0.387819 0.394582 0.401056 0.407165 0.412839 0.418013 0.422627 0.426627 0.429965 0.432602 0.434509 0.435662 0.436048 0.435662 0.434509 0.432602 0.429965 0.426627 0.422627 0.418013 0.412839 0.407165 0.401056 0.394582 0.387819 0.380843 0.373733 0.36657 0.359434 0.352402 0.345553 0.33896 0.332693 0.326818 0.321395 0.316479 0.312119 0.308358 0.305232 0.302769 0.300994 0
 0.250895 0.251491 0.253275 0.256234 0.260346 0.265579 0.271892 0.27923 0.287528 0.29671 0.306686 0.317356 0.32861 0.340328 0.352383 0.364642 0.376966 0.389215 0.401248 0.412927 0.424116 0.434684 0.444505 0.453463 0.461453 0.46838 0.474164 0.478738 0.482043 0.484043 0.484712 0.484043 0.482043 0.478738 0.474164 0.46838 0.461453 0.453463 0.444505 0.434684 0.424116 0.412927 0.401248 0.389215 0.376966 0.364642 0.352383 0.340328 0.32861 0.317356 0.306686 0.29671 0.287528 0.27923 0.271892 0.265579 0.260346 0.256234 0.253275 0
 0.197954 0.198796 0.20132 0.205514 0.211355 0.21881 0.227829 0.238346 0.250274 0.263507 0.277922 0.293372 0.309696 0.326719 0.344251 0.362095 0.380047 0.397898 0.415441 0.432473 0.448791 0.4642 0.478521 0.491589 0.503244 0.513347 0.521781 0.528446 0.533266 0.536181 0.537157 0.536181 0.533266 0.528446 0.521781 0.513347 0.503244 0.491589 0.478521 0.4642 0.448791 0.432473 0.415441 0.397898 0.380047 0.362095 0.344251 0.326719 0.309696 0.293372 0.277922 0.263507 0.250274 0.238346 0.227829 0.21881 0.211355 0.205514 0.20132 0
 0.140139 0.141244 0.144558 0.150073 0.157773 0.167628 0.179588 0.193572 0.209473 0.227149 0.24643 0.267118 0.288992 0.311809 0.335312 0.35923 0.383288 0.407204 0.4307 0.453501 0.475334 0.495951 0.515104 0.532567 0.548142 0.561643 0.57291 0.581813 0.588249 0.59214 0.593443 0.59214 0.588249 0.581813 0.57291 0.561643 0.548142 0.532567 0.515104 0.495951 0.475334 0.453501 0.4307 0.407204 0.383288 0.35923 0.335312 0.311809 0.288992 0.267118 0.24643 0.227149 0.209473 0.193572 0.179588 0.167628 0.157773 0.150073 0.144558 0
 0.104127 0.101282 0.0833053 0.0902563 0.0999046 0.112416 0.127618 0.145412 0.165665 0.188195 0.212774 0.23914 0.267 0.29604 0.325927 0.356315 0.386852 0.417184 0.446961 0.475831 0.503463 0.529534 0.553743 0.57581 0.595479 0.612524 0.626745 0.637981 0.6461 0.65101 0.652653 0.65101 0.6461 0.637981 0.626745 0.612524 0.595479 0.57581 0.553743 0.529534 0.503463 0.475831 0.446961 0.417184 0.386852 0.356315 0.325927 0.29604 0.267 0.23914 0.212774 0.188195 0.165665 0.145412 0.127618 0.112416 0.0999046 0.0902563 0.0833053 0
 0.166767 0.163473 0.153637 0.13761 0.115742 0.0886615 0.0731375 0.0950321 0.120016 0.147755 0.177973 0.210333 0.244469 0.279991 0.31649 0.353548 0.390739 0.427638 0.463824 0.498876 0.532401 0.56401 0.593345 0.620073 0.643886 0.664515 0.681722 0.695314 0.705134 0.711072 0.713058 0.711072 0.705134 0.695314 0.681722 0.664515 0.643886 0.620073 0.593345 0.56401 0.532401 0.498876 0.463824 0.427638 0.390739 0.353548 0.31649 0.279991 0.244469 0.210333 0.177973 0.147755 0.120016 0.0950321 0.0731375 0.0886615 0.115742 0.13761 0.153637 0
 0.166767 0.163473 0.153637 0.13761 0.115742 0.132629 0.097278 0.0442918 0.0741286 0.10733 0.143353 0.181818 0.222288 0.264301 0.307384 0.351051 0.39481 0.438173 0.48065 0.521765 0.561052 0.598077 0.63242 0.663695 0.69155 0.715673 0.735791 0.751678 0.763156 0.770095 0.772416 0.770095 0.763156 0.751678 0.735791 0.715673 0.69155 0.663695 0.63242 0.598077 0.561052 0.521765 0.48065 0.438173 0.39481 0.351051 0.307384 0.264301 0.222288 0.181818 0.143353 0.10733 0.0741286 0.0442918 0.097278 0.132629 0.115742 0.13761 0.153637 0
 0.166767 0.163473 0.153637 0.13761 0.115742 0.132629 0.097278 0.0879768 0.0299302 0.0685872 0.110369 0.154788 0.20137 0.249602 0.298953 0.348884 0.398849 0.448303 0.496698 0.543507 0.588207 0.630307 0.669341 0.704876 0.736517 0.76391 0.786752 0.804788 0.817816 0.825692 0.828327 0.825692 0.817816 0.804788 0.786752 0.76391 0.736517 0.704876 0.669341 0.630307 0.588207 0.543507 0.496698 0.448303 0.398849 0.348884 0.298953 0.249602 0.20137 0.154788 0.110369 0.0685872 0.0299302 0.0879768 0.097278 0.132629 0.115742 0.13761 0.153637 0
 0.166767 0.163473 0.153637 0.13761 0.115742 0.132629 0.097278 0.0879768 0.0634781 0.0331682 0.0804071 0.130356 0.182553 0.236451 0.291482 0.347069 0.402621 0.457549 0.511255 0.563167 0.612716 0.659363 0.702598 0.741946 0.776973 0.807294 0.832573 0.85253 0.866946 0.87566 0.878575 0.87566 0.866946 0.85253 0.832573 0.807294 0.776973 0.741946 0.702598 0.659363 0.612716 0.563167 0.511255 0.457549 0.402621 0.347069 0.291482 0.236451 0.182553 0.130356 0.0804071 0.0331682 0.0634781 0.0879768 0.097278 0.132629 0.115742 0.13761 0.153637 0
 0.166767 0.163473 0.153637 0.13761 0.115742 0.132629 0.097278 0.0879768 0.0634781 0.0265248 0.0546383 0.109445 0.166511 0.225287 0.285187 0.345605 0.40592 0.465507 0.523733 0.579981 0.63365 0.684161 0.730965 0.773551 0.811456 0.844263 0.871611 0.893202 0.908796 0.918221 0.921375 0.918221 0.908796 0.893202 0.871611 0.844263 0.811456 0.773551 0.730965 0.684161 0.63365 0.579981 0.523733 0.465507 0.40592 0.345605 0.285187 0.225287 0.166511 0.109445 0.0546383 0.0265248 0.0634781 0.0879768 0.097278 0.132629 0.115742 0.13761 0.153637 0
 0.166767 0.163473 0.153637 0.13761 0.115742 0.132629 0.097278 0.0879768 0.0634781 0.0387225 0.0339379 0.0927201 0.153719 0.216413 0.280208 0.344483 0.408594 0.471891 0.533715 0.593415 0.650362 0.703945 0.753587 0.798749 0.838942 0.873727 0.902723 0.925612 0.942143 0.952135 0.955478 0.952135 0.942143 0.925612 0.902723 0.873727 0.838942 0.798749 0.753587 0.703945 0.650362 0.593415 0.533715 0.471891 0.408594 0.344483 0.280208 0.216413 0.153719 0.0927201 0.0339379 0.0387225 0.0634781 0.0879768 0.097278 0.132629 0.115742 0.13761 0.153637 0
 0.166767 0.163473 0.153637 0.13761 0.115742 0.132629 0.097278 0.0879768 0.0634781 0.0387225 0.0188709 0.0805882 0.144461 0.210005 0.276625 0.343691 0.410548 0.476528 0.54095 0.603145 0.66246 0.718264 0.769957 0.816982 0.858829 0.895043 0.925229 0.949057 0.966266 0.976668 0.980148 0.976668 0.966266 0.949057 0.925229 0.895043 0.858829 0.816982 0.769957 0.718264 0.66246 0.603145 0.54095 0.476528 0.410548 0.343691 0.276625 0.210005 0.144461 0.0805882 0.0188709 0.0387225 0.0634781 0.0879768 0.097278 0.132629 0.115742 0.13761 0.153637 0
 0.166767 0.163473 0.153637 0.13761 0.115742 0.132629 0.097278 0.0879768 0.0634781 0.0387225 0.00974466 0.0732567 0.138876 0.206144 0.27447 0.343221 0.411733 0.47933 0.54532 0.609019 0.669762 0.726904 0.779834 0.827982 0.870827 0.907904 0.938807 0.963202 0.980819 0.991468 0.99503 0.991468 0.980819 0.963202 0.938807 0.907904 0.870827 0.827982 0.779834 0.726904 0.669762 0.609019 0.54532 0.47933 0.411733 0.343221 0.27447 0.206144 0.138876 0.0732567 0.00974466 0.0387225 0.0634781 0.0879768 0.097278 0.132629 0.115742 0.13761 0.153637 0
 0.166767 0.163473 0.153637 0.13761 0.115742 0.132629 0.097278 0.0879768 0.0634781 0.0387225 0.00668999 0.0708066 0.137011 0.204856 0.273752 0.343065 0.41213 0.480267 0.54678 0.610981 0.672201 0.72979 0.783133 0.831656 0.874834 0.912198 0.943341 0.967925 0.985679 0.99641 1 0.99641 0.985679 0.967925 0.943341 0.912198 0.874834 0.831656 0.783133 0.72979 0.672201 0.610981 0.54678 0.480267 0.41213 0.343065 0.273752 0.204856 0.137011 0.0708066 0.00668999 0.0387225 0.0634781 0.0879768 0.097278 0.132629 0.115742 0.13761 0.153637 0
 0.166767 0.163473 0.153637 0.13761 0.115742 0.132629 0.097278 0.0879768 0.0634781 0.0387225 0.00707833 0.0711303 0.137267 0.205042 0.273865 0.343104 0.412093 0.480154 0.546592 0.61072 0.671869 0.729392 0.782673 0.831139 0.874266 0.911586 0.942693 0.967247 0.98498 0.995699 0.999284 0.995699 0.98498 0.967247 0.942693 0.911586 0.874266 0.831139 0.782673 0.729392 0.671869 0.61072 0.546592 0.480154 0.412093 0.343104 0.273865 0.205042 0.137267 0.0711303 0.00707833 0.0387225 0.0634781 0.0879768 0.097278 0.132629 0.115742 0.13761 0.153637 0
 0.166767 0.163473 0.153637 0.13761 0.115742 0.132629 0.097278 0.0879768 0.0634781 0.0387225 0.0101702 0.0737088 0.139314 0.206531 0.274774 0.343416 0.411802 0.479259 0.545099 0.608645 0.669235 0.726227 0.779013 0.827028 0.869751 0.906721 0.937535 0.961858 0.979424 0.990041 0.993592 0.990041 0.979424 0.961858 0.937535 0.906721 0.869751 0.827028 0.779013 0.726227 0.669235 0.608645 0.545099 0.479259 0.411802 0.343416 0.274774 0.206531 0.139314 0.0737088 0.0101702 0.0387225 0.0634781 0.0879768 0.097278 0.132629 0.115742 0.13761 0.153637 0
 0.166767 0.163473 0.153637 0.13761 0.115742 0.132629 0.097278 0.0879768 0.0634781 0.0387225 0.0162946 0.0788174 0.143371 0.209483 0.27658 0.344046 0.41124 0.477504 0.542165 0.604561 0.664045 0.71999 0.771801 0.818923 0.860849 0.897127 0.927363 0.951228 0.968463 0.97888 0.982365 0.97888 0.968463 0.951228 0.927363 0.897127 0.860849 0.818923 0.771801 0.71999 0.664045 0.604561 0.542165 0.477504 0.41124 0.344046 0.27658 0.209483 0.143371 0.0788174 0.0162946 0.0387225 0.0634781 0.0879768 0.097278 0.132629 0.115742 0.13761 0.153637 0
 0.166767 0.163473 0.153637 0.13761 0.115742 0.132629 0.097278 0.0879768 0.0634781 0.010453 0.0253821 0.0863978 0.149389 0.213868 0.279271 0.345002 0.410438 0.474944 0.537867 0.598569 0.656424 0.710826 0.761198 0.807005 0.847757 0.883015 0.912399 0.93559 0.952337 0.962459 0.965845 0.962459 0.952337 0.93559 0.912399 0.883015 0.847757 0.807005 0.761198 0.710826 0.656424 0.598569 0.537867 0.474944 0.410438 0.345002 0.279271 0.213868 0.149389 0.0863978 0.0253821 0.010453 0.0634781 0.0879768 0.097278 0.132629 0.115742 0.13761 0.153637 0
 0.166767 0.163473 0.153637 0.13761 0.115742 0.132629 0.097278 0.0879768 0.0289292 0 0.0374321 0.0964435 0.157359 0.219674 0.282845 0.346294 0.409423 0.471622 0.532268 0.590752 0.646474 0.698854 0.747344 0.79143 0.830644 0.864567 0.892835 0.915143 0.931253 0.940988 0.944245 0.940988 0.931253 0.915143 0.892835 0.864567 0.830644 0.79143 0.747344 0.698854 0.646474 0.590752 0.532268 0.471622 0.409423 0.346294 0.282845 0.219674 0.157359 0.0964435 0.0374321 0 0.0289292 0.0879768 0.097278 0.132629 0.115742 0.13761 0.153637 0
 0.166767 0.163473 0.153637 0.13761 0.115742 0.132629 0.097278 0.0282379 0 0 0.0525845 0.109055 0.167343 0.226943 0.287324 0.347932 0.408198 0.467541 0.525371 0.581118 0.634206 0.684093 0.73026 0.772225 0.809543 0.841821 0.868714 0.889936 0.905259 0.914519 0.917617 0.914519 0.905259 0.889936 0.868714 0.841821 0.809543 0.772225 0.73026 0.684093 0.634206 0.581118 0.525371 0.467541 0.408198 0.347932 0.287324 0.226943 0.167343 0.109055 0.0525845 0 0 0.0282379 0.097278 0.132629 0.115742 0.13761 0.153637 0
 0.166767 0.163473 0.153637 0.13761 0.115742 0.132629 0.00923519 0 0 0.0200436 0.0711527 0.124469 0.179511 0.23578 0.29276 0.349924 0.406731 0.462634 0.517086 0.569546 0.619481 0.666386 0.709781 0.749212 0.784269 0.814583 0.839837 0.859762 0.874147 0.88284 0.885748 0.88284 0.874147 0.859762 0.839837 0.814583 0.784269 0.749212 0.709781 0.666386 0.619481 0.569546 0.517086 0.462634 0.406731 0.349924 0.29276 0.23578 0.179511 0.124469 0.0711527 0.0200436 0 0 0.00923519 0.132629 0.115742 0.13761 0.153637 0
 0.166767 0.163473 0.153637 0.00474255 0 0 0 0 0.00155702 0.0462757 0.0935951 0.143038 0.194117 0.246345 0.299227 0.35226 0.404939 0.456755 0.507201 0.555775 0.601992 0.645387 0.685517 0.721971 0.754372 0.782383 0.805713 0.824118 0.837404 0.845432 0.848118 0.845432 0.837404 0.824118 0.805713 0.782383 0.754372 0.721971 0.685517 0.645387 0.601992 0.555775 0.507201 0.456755 0.404939 0.35226 0.299227 0.246345 0.194117 0.143038 0.0935951 0.0462757 0.00155702 0 0 0 0 0.00474255 0.153637 0
 0 0 0 0 0 0 0 9.04649e-05 0.0373954 0.0776585 0.120403 0.165156 0.211449 0.258817 0.306791 0.354904 0.402686 0.44967 0.495397 0.539407 0.581271 0.620557 0.65688 0.689862 0.719171 0.744502 0.765596 0.782234 0.794243 0.801499 0.803926 0.801499 0.794243 0.782234 0.765596 0.744502 0.719171 0.689862 0.65688 0.620557 0.581271 0.539407 0.495397 0.44967 0.402686 0.354904 0.306791 0.258817 0.211449 0.165156 0.120403 0.0776585 0.0373954 9.04649e-05 0 0 0 0 0 0
 0 0 0 0 0 0 0.0180744 0.0472645 0.0795965 0.11464 0.151964 0.191137 0.231732 0.273319 0.315472 0.357765 0.399774 0.441083 0.481281 0.519965 0.556747 0.591265 0.623161 0.652122 0.677848 0.700079 0.718589 0.733187 0.743722 0.750086 0.752215 0.750086 0.743722 0.733187 0.718589 0.700079 0.677848 0.652122 0.623161 0.591265 0.556747 0.519965 0.481281 0.441083 0.399774 0.357765 0.315472 0.273319 0.231732 0.191137 0.151964 0.11464 0.0795965 0.0472645 0.0180744 0 0 0 0 0
 0.00637512 0.00845261 0.0146481 0.0248536 0.0388964 0.0565473 0.0775337 0.101549 0.128262 0.157326 0.188382 0.221065 0.255008 0.289838 0.325187 0.360684 0.395966 0.430672 0.464451 0.496963 0.527876 0.556879 0.583686 0.608017 0.629627 0.6483 0.663846 0.676104 0.68495 0.690294 0.692081 0.690294 0.68495 0.676104 0.663846 0.6483 0.629627 0.608017 0.583686 0.556879 0.527876 0.496963 0.464451 0.430672 0.395966 0.360684 0.325187 0.289838 0.255008 0.221065 0.188382 0.157326 0.128262 0.101549 0.0775337 0.0565473 0.0388964 0.0248536 0.0146481 0
 0.0899964 0.091562 0.0962357 0.103948 0.114588 0.128003 0.144008 0.162389 0.182908 0.205307 0.229315 0.25465 0.281024 0.308142 0.335708 0.363427 0.391006 0.418158 0.4446 0.470061 0.49428 0.517008 0.538012 0.557079 0.574019 0.588656 0.600839 0.610446 0.617379 0.621567 0.622968 0.621567 0.617379 0.610446 0.600839 0.588656 0.574019 0.557079 0.538012 0.517008 0.49428 0.470061 0.4446 0.418158 0.391006 0.363427 0.335708 0.308142 0.281024 0.25465 0.229315 0.205307 0.182908 0.162389 0.144008 0.128003 0.114588 0.103948 0.0962357 0
 0.179884 0.180928 0.184047 0.1892 0.196321 0.20532 0.216083 0.228478 0.242353 0.257543 0.273869 0.291141 0.309164 0.327736 0.34665 0.365702 0.384684 0.403395 0.421636 0.439214 0.455946 0.471658 0.486187 0.499381 0.511104 0.521234 0.529669 0.536321 0.541121 0.544022 0.544992 0.544022 0.541121 0.536321 0.529669 0.521234 0.511104 0.499381 0.486187 0.471658 0.455946 0.439214 0.421636 0.403395 0.384684 0.365702 0.34665 0.327736 0.309164 0.291141 0.273869 0.257543 0.242353 0.228478 0.216083 0.20532 0.196321 0.1892 0.184047 0
 0.273524 0.274043 0.275593 0.278157 0.281704 0.286193 0.291573 0.29778 0.304743 0.312383 0.320613 0.32934 0.338467 0.347892 0.35751 0.367216 0.376903 0.386467 0.395804 0.404813 0.413399 0.421468 0.428936 0.435722 0.441756 0.446973 0.451319 0.454747 0.457222 0.458717 0.459218 0.458717 0.457222 0.454747 0.451319 0.446973 0.441756 0.435722 0.428936 0.421468 0.413399 0.404813 0.395804 0.386467 0.376903 0.367216 0.35751 0.347892 0.338467 0.32934 0.320613 0.312383 0.304743 0.29778 0.291573 0.286193 0.281704 0.278157 0.275593 0
 0.367748 0.367748 0.367748 0.367748 0.367748 0.367748 0.367748 0.367748 0.367748 0.367748 0.367748 0.367748 0.367748 0.367748 0.367748 0.367748 0.367748 0.367748 0.367748 0.367748 0.367748 0.367748 0.367748 0.367748 0.367748 0.367748 0.367748 0.367748 0.367748 0.367748 0.367748 0.367748 0.367748 0.367748 0.367748 0.367748 0.367748 0.367748 0.367748 0.367748 0.367748 0.367748 0.367748 0.367748 0.367748 0.367748 0.367748 0.367748 0.367748 0.367748 0.367748 0.367748 0.367748 0.367748 0.367748 0.367748 0.367748 0.367748 0.367748 0
