theta = rows; phi = columns
 0.343064 0.343064 0.343064 0.343064 0.343064 0.343064 0.343064 0.343064 0.343064 0.343064 0.343064 0.343064 0.343064 0.343064 0.343065 0.343065 0.343065 0.343065 0.343065 0.343065 0.343065 0.343065 0.343065 0.343065 0.343065 0.343065 0.343065 0.343065 0.343065 0.343065 0.343065 0.343065 0.343065 0.343065 0.343065 0.343065 0.343065 0.343065 0.343065 0.343065 0.343065 0.343065 0.343065 0.343065 0.343065 0.343065 0.343064 0.343064 0.343064 0.343064 0.343064 0.343064 0.343064 0.343064 0.343064 0.343064 0.343064 0.343064 0.343064
 0.271365 0.271772 0.272988 0.275001 0.277785 0.281311 0.285536 0.290413 0.295885 0.301891 0.308361 0.315223 0.322397 0.329802 0.337355 0.344969 0.352559 0.360039 0.367323 0.374331 0.380983 0.387203 0.392923 0.398077 0.402607 0.406463 0.409601 0.411986 0.413591 0.414398 0.414398 0.413591 0.411986 0.409601 0.406463 0.402607 0.398077 0.392923 0.387203 0.380983 0.374331 0.367323 0.360039 0.352559 0.344969 0.337355 0.329802 0.322397 0.315223 0.308361 0.301891 0.295885 0.290413 0.285536 0.281311 0.277785 0.275001 0.272988 0.271772
 0.200135 0.20095 0.203384 0.207408 0.212975 0.22002 0.228461 0.238198 0.249118 0.261096 0.273993 0.287663 0.301948 0.316686 0.33171 0.346851 0.361938 0.3768 0.391271 0.405188 0.418395 0.430744 0.442097 0.452326 0.461318 0.46897 0.475196 0.479929 0.483113 0.484714 0.484714 0.483113 0.479929 0.475196 0.46897 0.461318 0.452326 0.442097 0.430744 0.418395 0.405188 0.391271 0.3768 0.361938 0.346851 0.33171 0.316686 0.301948 0.287663 0.273993 0.261096 0.249118 0.238198 0.228461 0.22002 0.212975 0.207408 0.203384 0.20095
 0.130076 0.131296 0.134941 0.140967 0.149299 0.159835 0.172449 0.186989 0.203283 0.221141 0.240355 0.260704 0.281956 0.303869 0.326198 0.348689 0.371091 0.393154 0.414631 0.435282 0.454878 0.473199 0.490038 0.505209 0.518542 0.529892 0.539128 0.546146 0.550869 0.553243 0.553243 0.550869 0.546146 0.539128 0.529892 0.518542 0.505209 0.490038 0.473199 0.454878 0.435282 0.414631 0.393154 0.371091 0.348689 0.326198 0.303869 0.281956 0.260704 0.240355 0.221141 0.203283 0.186989 0.172449 0.159835 0.149299 0.140967 0.134941 0.131296
 0.0618314 0.0634559 0.0683075 0.0763207 0.0873897 0.101372 0.118092 0.137343 0.15889 0.182479 0.207832 0.23466 0.262655 0.291503 0.320881 0.35046 0.379913 0.408912 0.437135 0.46427 0.490014 0.514078 0.536202 0.556133 0.573647 0.588552 0.600684 0.609904 0.616108 0.619227 0.619227 0.616108 0.609904 0.600684 0.588552 0.573647 0.556133 0.536202 0.514078 0.490014 0.46427 0.437135 0.408912 0.379913 0.35046 0.320881 0.291503 0.262655 0.23466 0.207832 0.182479 0.15889 0.137343 0.118092 0.101372 0.0873897 0.0763207 0.0683075 0.0634559
 0.0618314 0.0634559 0.00397675 0.0139953 0.0278049 0.0452061 0.0659607 0.0898008 0.116437 0.145553 0.176805 0.209836 0.244273 0.279733 0.315823 0.352145 0.3883 0.423889 0.458523 0.491816 0.523398 0.552926 0.580063 0.604515 0.626005 0.644293 0.659177 0.670488 0.6781 0.681927 0.681927 0.6781 0.670488 0.659177 0.644293 0.626005 0.604515 0.580063 0.552926 0.523398 0.491816 0.458523 0.423889 0.3883 0.352145 0.315823 0.279733 0.244273 0.209836 0.176805 0.145553 0.116437 0.0898008 0.0659607 0.0452061 0.0278049 0.0139953 0.00397675 0.0634559
 0.0618314 0.0634559 0.00397675 0.0139953 0.0278049 0.0452061 0.0165467 0.0448709 0.0764078 0.110791 0.147636 0.186525 0.227027 0.268698 0.311083 0.353723 0.396154 0.437913 0.478547 0.5176 0.554655 0.589288 0.621127 0.649811 0.675023 0.696479 0.713941 0.727211 0.736141 0.740632 0.740632 0.736141 0.727211 0.713941 0.696479 0.675023 0.649811 0.621127 0.589288 0.554655 0.5176 0.478547 0.437913 0.396154 0.353723 0.311083 0.268698 0.227027 0.186525 0.147636 0.110791 0.0764078 0.0448709 0.0165467 0.0452061 0.0278049 0.0139953 0.00397675 0.0634559
 0.0618314 0.0634559 0.00397675 0.0139953 0.0278049 0.0452061 0.0165467 0.00300354 0.0392467 0.0786086 0.120676 0.165008 0.211123 0.258528 0.306717 0.355176 0.403384 0.450822 0.496975 0.541336 0.583416 0.622757 0.658919 0.6915 0.720138 0.744511 0.764347 0.779422 0.789567 0.794669 0.794669 0.789567 0.779422 0.764347 0.744511 0.720138 0.6915 0.658919 0.622757 0.583416 0.541336 0.496975 0.450822 0.403384 0.355176 0.306717 0.258528 0.211123 0.165008 0.120676 0.0786086 0.0392467 0.00300354 0.0165467 0.0452061 0.0278049 0.0139953 0.00397675 0.0634559
 0.0618314 0.0634559 0.00397675 0.0139953 0.0278049 0.0452061 0.0165467 0.00300354 0.00537523 0.0493861 0.0962542 0.145544 0.196751 0.249345 0.302777 0.356487 0.409906 0.462466 0.513593 0.56274 0.609359 0.652942 0.693005 0.729103 0.760833 0.787838 0.809816 0.82652 0.837761 0.843414 0.843414 0.837761 0.82652 0.809816 0.787838 0.760833 0.729103 0.693005 0.652942 0.609359 0.56274 0.513593 0.462466 0.409906 0.356487 0.302777 0.249345 0.196751 0.145544 0.0962542 0.0493861 0.00537523 0.00300354 0.0165467 0.0452061 0.0278049 0.0139953 0.00397675 0.0634559
 0.0618314 0.0634559 0.00397675 0.0139953 0.0278049 0.0452061 0.0165467 0.00300354 0.00537523 0.0234833 0.0746761 0.128373 0.184087 0.241259 0.299309 0.357641 0.415644 0.472709 0.528215 0.581566 0.63218 0.679496 0.722993 0.762185 0.796636 0.825957 0.849821 0.867959 0.880165 0.886303 0.886303 0.880165 0.867959 0.849821 0.825957 0.796636 0.762185 0.722993 0.679496 0.63218 0.581566 0.528215 0.472709 0.415644 0.357641 0.299309 0.241259 0.184087 0.128373 0.0746761 0.0234833 0.00537523 0.00300354 0.0165467 0.0452061 0.0278049 0.0139953 0.00397675 0.0634559
 0.0618314 0.0634559 0.00397675 0.0139953 0.0278049 0.0452061 0.0165467 0.00300354 0.00537523 0.00124353 0.0562149 0.113711 0.173284 0.234365 0.296354 0.358623 0.420532 0.481432 0.540669 0.597602 0.651615 0.702113 0.748534 0.790363 0.827132 0.858427 0.883898 0.903257 0.916286 0.922838 0.922838 0.916286 0.903257 0.883898 0.858427 0.827132 0.790363 0.748534 0.702113 0.651615 0.597602 0.540669 0.481432 0.420532 0.358623 0.296354 0.234365 0.173284 0.113711 0.0562149 0.00124353 0.00537523 0.00300354 0.0165467 0.0452061 0.0278049 0.0139953 0.00397675 0.0634559
 0.0618314 0.0634559 0.00397675 0.0139953 0.0278049 0.0452061 0.0165467 0.00300354 0.00537523 0.00124353 0.0411164 0.101744 0.164475 0.228748 0.293947 0.359424 0.424512 0.488535 0.550808 0.61066 0.667442 0.720529 0.769333 0.813309 0.851966 0.88487 0.91165 0.932005 0.945703 0.952592 0.952592 0.945703 0.932005 0.91165 0.88487 0.851966 0.813309 0.769333 0.720529 0.667442 0.61066 0.550808 0.488535 0.424512 0.359424 0.293947 0.228748 0.164475 0.101744 0.0411164 0.00124353 0.00537523 0.00300354 0.0165467 0.0452061 0.0278049 0.0139953 0.00397675 0.0634559
 0.0618314 0.0634559 0.00397675 0.0139953 0.0278049 0.0452061 0.0165467 0.00300354 0.00537523 0.00124353 0.0295921 0.0926279 0.15777 0.224475 0.292116 0.360032 0.427538 0.493935 0.558517 0.620588 0.679476 0.734532 0.785147 0.830757 0.87085 0.904977 0.932753 0.953864 0.968073 0.975218 0.975218 0.968073 0.953864 0.932753 0.904977 0.87085 0.830757 0.785147 0.734532 0.679476 0.620588 0.558517 0.493935 0.427538 0.360032 0.292116 0.224475 0.15777 0.0926279 0.0295921 0.00124353 0.00537523 0.00300354 0.0165467 0.0452061 0.0278049 0.0139953 0.00397675 0.0634559
 0.0618314 0.0634559 0.00397675 0.0139953 0.0278049 0.0452061 0.0165467 0.00300354 0.00537523 0.00124353 0.0218105 0.0864822 0.153253 0.221597 0.290883 0.360442 0.429575 0.497571 0.563706 0.627271 0.687576 0.743959 0.795794 0.842503 0.883564 0.918514 0.94696 0.968581 0.983133 0.99045 0.99045 0.983133 0.968581 0.94696 0.918514 0.883564 0.842503 0.795794 0.743959 0.687576 0.627271 0.563706 0.497571 0.429575 0.360442 0.290883 0.221597 0.153253 0.0864822 0.0218105 0.00124353 0.00537523 0.00300354 0.0165467 0.0452061 0.0278049 0.0139953 0.00397675 0.0634559
 0.0618314 0.0634559 0.00397675 0.0139953 0.0278049 0.0452061 0.0165467 0.00300354 0.00537523 0.00124353 0.0178894 0.0833885 0.15098 0.220149 0.290263 0.360648 0.4306 0.499399 0.566316 0.630632 0.69165 0.7487 0.801148 0.848411 0.889958 0.925322 0.954106 0.975983 0.990707 0.998111 0.998111 0.990707 0.975983 0.954106 0.925322 0.889958 0.848411 0.801148 0.7487 0.69165 0.630632 0.566316 0.499399 0.4306 0.360648 0.290263 0.220149 0.15098 0.0833885 0.0178894 0.00124353 0.00537523 0.00300354 0.0165467 0.0452061 0.0278049 0.0139953 0.00397675 0.0634559
 0.0618314 0.0634559 0.00397675 0.0139953 0.0278049 0.0452061 0.0165467 0.00300354 0.00537523 0.00124353 0.0178894 0.0833885 0.15098 0.220149 0.290263 0.360648 0.4306 0.499399 0.566316 0.630632 0.69165 0.7487 0.801148 0.848411 0.889957 0.925322 0.954106 0.975983 0.990707 0.998111 0.998111 0.990707 0.975983 0.954106 0.925322 0.889957 0.848411 0.801148 0.7487 0.69165 0.630632 0.566316 0.499399 0.4306 0.360648 0.290263 0.220149 0.15098 0.0833885 0.0178894 0.00124353 0.00537523 0.00300354 0.0165467 0.0452061 0.0278049 0.0139953 0.00397675 0.0634559
 0.0618314 0.0634559 0.00397675 0.0139953 0.0278049 0.0452061 0.0165467 0.00300354 0.00537523 0.00124353 0.0218106 0.0864823 0.153253 0.221597 0.290883 0.360442 0.429575 0.49757 0.563706 0.627271 0.687576 0.743959 0.795794 0.842503 0.883563 0.918514 0.94696 0.968581 0.983133 0.99045 0.99045 0.983133 0.968581 0.94696 0.918514 0.883563 0.842503 0.795794 0.743959 0.687576 0.627271 0.563706 0.49757 0.429575 0.360442 0.290883 0.221597 0.153253 0.0864823 0.0218106 0.00124353 0.00537523 0.00300354 0.0165467 0.0452061 0.0278049 0.0139953 0.00397675 0.0634559
 0.0618314 0.0634559 0.00397675 0.0139953 0.0278049 0.0452061 0.0165467 0.00300354 0.00537523 0.00124353 0.0295922 0.092628 0.15777 0.224475 0.292116 0.360032 0.427538 0.493935 0.558517 0.620588 0.679476 0.734532 0.785147 0.830757 0.87085 0.904977 0.932753 0.953864 0.968073 0.975217 0.975217 0.968073 0.953864 0.932753 0.904977 0.87085 0.830757 0.785147 0.734532 0.679476 0.620588 0.558517 0.493935 0.427538 0.360032 0.292116 0.224475 0.15777 0.092628 0.0295922 0.00124353 0.00537523 0.00300354 0.0165467 0.0452061 0.0278049 0.0139953 0.00397675 0.0634559
 0.0618314 0.0634559 0.00397675 0.0139953 0.0278049 0.0452061 0.0165467 0.00300354 0.00537523 0.00124353 0.0411166 0.101744 0.164475 0.228748 0.293947 0.359424 0.424512 0.488535 0.550808 0.61066 0.667442 0.720529 0.769333 0.813309 0.851966 0.88487 0.91165 0.932004 0.945703 0.952591 0.952591 0.945703 0.932004 0.91165 0.88487 0.851966 0.813309 0.769333 0.720529 0.667442 0.61066 0.550808 0.488535 0.424512 0.359424 0.293947 0.228748 0.164475 0.101744 0.0411166 0.00124353 0.00537523 0.00300354 0.0165467 0.0452061 0.0278049 0.0139953 0.00397675 0.0634559
 0.0618314 0.0634559 0.00397675 0.0139953 0.0278049 0.0452061 0.0165467 0.00300354 0.00537523 0.0012438 0.0562151 0.113711 0.173284 0.234365 0.296354 0.358623 0.420532 0.481432 0.540669 0.597602 0.651615 0.702112 0.748534 0.790363 0.827131 0.858427 0.883898 0.903257 0.916286 0.922837 0.922837 0.916286 0.903257 0.883898 0.858427 0.827131 0.790363 0.748534 0.702112 0.651615 0.597602 0.540669 0.481432 0.420532 0.358623 0.296354 0.234365 0.173284 0.113711 0.0562151 0.0012438 0.00537523 0.00300354 0.0165467 0.0452061 0.0278049 0.0139953 0.00397675 0.0634559
 0.0618314 0.0634559 0.00397675 0.0139953 0.0278049 0.0452061 0.0165467 0.00300354 0.00537523 0.0234837 0.0746764 0.128373 0.184087 0.241259 0.299309 0.357641 0.415644 0.472709 0.528215 0.581566 0.632179 0.679496 0.722993 0.762185 0.796635 0.825957 0.849821 0.867958 0.880165 0.886303 0.886303 0.880165 0.867958 0.849821 0.825957 0.796635 0.762185 0.722993 0.679496 0.632179 0.581566 0.528215 0.472709 0.415644 0.357641 0.299309 0.241259 0.184087 0.128373 0.0746764 0.0234837 0.00537523 0.00300354 0.0165467 0.0452061 0.0278049 0.0139953 0.00397675 0.0634559
 0.0618314 0.0634559 0.00397675 0.0139953 0.0278049 0.0452061 0.0165467 0.00300354 0.00537567 0.0493864 0.0962545 0.145544 0.196752 0.249345 0.302777 0.356487 0.409906 0.462466 0.513593 0.562739 0.609359 0.652941 0.693005 0.729103 0.760832 0.787837 0.809815 0.826519 0.837761 0.843413 0.843413 0.837761 0.826519 0.809815 0.787837 0.760832 0.729103 0.693005 0.652941 0.609359 0.562739 0.513593 0.462466 0.409906 0.356487 0.302777 0.249345 0.196752 0.145544 0.0962545 0.0493864 0.00537567 0.00300354 0.0165467 0.0452061 0.0278049 0.0139953 0.00397675 0.0634559
 0.0618314 0.0634559 0.00397675 0.0139953 0.0278049 0.0452061 0.0165467 0.00300409 0.0392472 0.078609 0.120677 0.165008 0.211123 0.258528 0.306717 0.355176 0.403384 0.450822 0.496974 0.541335 0.583415 0.622757 0.658919 0.6915 0.720138 0.744511 0.764346 0.779421 0.789567 0.794668 0.794668 0.789567 0.779421 0.764346 0.744511 0.720138 0.6915 0.658919 0.622757 0.583415 0.541335 0.496974 0.450822 0.403384 0.355176 0.306717 0.258528 0.211123 0.165008 0.120677 0.078609 0.0392472 0.00300409 0.0165467 0.0452061 0.0278049 0.0139953 0.00397675 0.0634559
 0.0618314 0.0634559 0.00397675 0.0139953 0.0278049 0.0452061 0.0165474 0.0448715 0.0764084 0.110792 0.147637 0.186526 0.227027 0.268698 0.311083 0.353723 0.396154 0.437913 0.478547 0.5176 0.554655 0.589288 0.621127 0.64981 0.675022 0.696478 0.71394 0.72721 0.736141 0.740631 0.740631 0.736141 0.72721 0.71394 0.696478 0.675022 0.64981 0.621127 0.589288 0.554655 0.5176 0.478547 0.437913 0.396154 0.353723 0.311083 0.268698 0.227027 0.186526 0.147637 0.110792 0.0764084 0.0448715 0.0165474 0.0452061 0.0278049 0.0139953 0.00397675 0.0634559
 0.0618314 0.0634559 0.00397761 0.0139961 0.0278057 0.0452069 0.0659614 0.0898015 0.116438 0.145553 0.176805 0.209836 0.244273 0.279733 0.315823 0.352145 0.3883 0.423889 0.458522 0.491815 0.523398 0.552926 0.580063 0.604515 0.626005 0.644292 0.659176 0.670488 0.678099 0.681927 0.681927 0.678099 0.670488 0.659176 0.644292 0.626005 0.604515 0.580063 0.552926 0.523398 0.491815 0.458522 0.423889 0.3883 0.352145 0.315823 0.279733 0.244273 0.209836 0.176805 0.145553 0.116438 0.0898015 0.0659614 0.0452069 0.0278057 0.0139961 0.00397761 0.0634559
 0.0618323 0.0634568 0.0683084 0.0763216 0.0873905 0.101373 0.118093 0.137343 0.158891 0.182479 0.207833 0.23466 0.262655 0.291503 0.320881 0.35046 0.379913 0.408912 0.437134 0.46427 0.490014 0.514078 0.536201 0.556132 0.573646 0.588552 0.600683 0.609903 0.616107 0.619226 0.619226 0.616107 0.609903 0.600683 0.588552 0.573646 0.556132 0.536201 0.514078 0.490014 0.46427 0.437134 0.408912 0.379913 0.35046 0.320881 0.291503 0.262655 0.23466 0.207833 0.182479 0.158891 0.137343 0.118093 0.101373 0.0873905 0.0763216 0.0683084 0.0634568
 0.130077 0.131297 0.134942 0.140968 0.149299 0.159836 0.172449 0.186989 0.203284 0.221141 0.240355 0.260704 0.281956 0.30387 0.326198 0.348689 0.371091 0.393154 0.414631 0.435282 0.454878 0.473198 0.490038 0.505208 0.518541 0.529891 0.539127 0.546145 0.550868 0.553242 0.553242 0.550868 0.546145 0.539127 0.529891 0.518541 0.505208 0.490038 0.473198 0.454878 0.435282 0.414631 0.393154 0.371091 0.348689 0.326198 0.30387 0.281956 0.260704 0.240355 0.221141 0.203284 0.186989 0.172449 0.159836 0.149299 0.140968 0.134942 0.131297
 0.200136 0.200951 0.203385 0.207409 0.212976 0.220021 0.228461 0.238198 0.249119 0.261097 0.273994 0.287663 0.301948 0.316686 0.331711 0.346851 0.361938 0.3768 0.391271 0.405188 0.418395 0.430744 0.442096 0.452326 0.461317 0.468969 0.475196 0.479928 0.483112 0.484713 0.484713 0.483112 0.479928 0.475196 0.468969 0.461317 0.452326 0.442096 0.430744 0.418395 0.405188 0.391271 0.3768 0.361938 0.346851 0.331711 0.316686 0.301948 0.287663 0.273994 0.261097 0.249119 0.238198 0.228461 0.220021 0.212976 0.207409 0.203385 0.200951
 0.271366 0.271773 0.272989 0.275002 0.277786 0.281312 0.285537 0.290413 0.295886 0.301892 0.308362 0.315223 0.322397 0.329802 0.337355 0.344969 0.352559 0.360038 0.367323 0.374331 0.380982 0.387203 0.392922 0.398076 0.402606 0.406462 0.4096 0.411985 0.41359 0.414397 0.414397 0.41359 0.411985 0.4096 0.406462 0.402606 0.398076 0.392922 0.387203 0.380982 0.374331 0.367323 0.360038 0.352559 0.344969 0.337355 0.329802 0.322397 0.315223 0.308362 0.301892 0.295886 0.290413 0.285537 0.281312 0.277786 0.275002 0.272989 0.271773
 0.343065 0.343065 0.343065 0.343065 0.343065 0.343065 0.343065 0.343065 0.343065 0.343065 0.343065 0.343065 0.343065 0.343065 0.343065 0.343065 0.343065 0.343065 0.343064 0.343064 0.343064 0.343064 0.343064 0.343064 0.343064 0.343064 0.343064 0.343064 0.343064 0.343064 0.343064 0.343064 0.343064 0.343064 0.343064 0.343064 0.343064 0.343064 0.343064 0.343064 0.343064 0.343064 0.343065 0.343065 0.343065 0.343065 0.343065 0.343065 0.343065 0.343065 0.343065 0.343065 0.343065 0.343065 0.343065 0.343065 0.343065 0.343065 0.343065
