theta = rows; phi = columns
 0.000190915 0.000191035 0.000191394 0.000191987 0.000192808 0.000193848 0.000195095 0.000196536 0.000198155 0.000199934 0.000201854 0.000203892 0.000206028 0.000208236 0.000210494 0.000212777 0.000215058 0.000217314 0.00021952 0.000221652 0.000223686 0.0002256 0.000227373 0.000228987 0.000230422 0.000231664 0.0002327 0.000233517 0.000234107 0.000234464 0.000234583 0.000234464 0.000234107 0.000233517 0.0002327 0.000231664 0.000230422 0.000228987 0.000227373 0.0002256 0.000223686 0.000221652 0.00021952 0.000217314 0.000215058 0.000212777 0.000210494 0.000208236 0.000206028 0.000203892 0.000201854 0.000199934 0.000198155 0.000196536 0.000195095 0.000193848 0.000192808 0.000191987 0.000191394 0
 0.000439897 0.000440978 0.000444206 0.000449546 0.000456936 0.000466292 0.000477507 0.000490453 0.000504986 0.000520942 0.000538144 0.0005564 0.00057551 0.000595262 0.000615442 0.000635827 0.000656197 0.000676329 0.000696005 0.000715012 0.000733143 0.000750202 0.000766004 0.000780377 0.000793165 0.000804231 0.000813453 0.000820733 0.000825989 0.000829166 0.000830229 0.000829166 0.000825989 0.000820733 0.000813453 0.000804231 0.000793165 0.000780377 0.000766004 0.000750202 0.000733143 0.000715012 0.000696005 0.000676329 0.000656197 0.000635827 0.000615442 0.000595262 0.00057551 0.0005564 0.000538144 0.000520942 0.000504986 0.000490453 0.000477507 0.000466292 0.000456936 0.000449546 0.000444206 0
 0.000512818 0.000515815 0.000524771 0.000539573 0.000560039 0.000585919 0.000616902 0.000652622 0.000692663 0.000736564 0.000783831 0.000833937 0.000886329 0.000940433 0.000995664 0.00105142 0.00110711 0.00116213 0.00121588 0.0012678 0.00131732 0.0013639 0.00140706 0.00144631 0.00148123 0.00151145 0.00153663 0.00155651 0.00157086 0.00157954 0.00158244 0.00157954 0.00157086 0.00155651 0.00153663 0.00151145 0.00148123 0.00144631 0.00140706 0.0013639 0.00131732 0.0012678 0.00121588 0.00116213 0.00110711 0.00105142 0.000995664 0.000940433 0.000886329 0.000833937 0.000783831 0.000736564 0.000692663 0.000652622 0.000616902 0.000585919 0.000560039 0.000539573 0.000524771 0
 0.000415902 0.000421777 0.000439318 0.000468275 0.000508239 0.000558667 0.000618894 0.000688159 0.000765614 0.00085035 0.000941397 0.00103774 0.00113834 0.0012421 0.00134793 0.00145469 0.00156127 0.00166652 0.00176934 0.00186863 0.00196334 0.00205244 0.00213496 0.00221004 0.00227685 0.00233466 0.00238284 0.00242087 0.00244834 0.00246494 0.00247049 0.00246494 0.00244834 0.00242087 0.00238284 0.00233466 0.00227685 0.00221004 0.00213496 0.00205244 0.00196334 0.00186863 0.00176934 0.00166652 0.00156127 0.00145469 0.00134793 0.0012421 0.00113834 0.00103774 0.000941397 0.00085035 0.000765614 0.000688159 0.000618894 0.000558667 0.000508239 0.000468275 0.000439318 0
 0.000159265 0.000169056 0.000198241 0.000246281 0.000312333 0.000395309 0.000493958 0.000606924 0.000732758 0.000869939 0.0010169 0.00117204 0.00133371 0.00150023 0.00166988 0.00184091 0.00201155 0.00218003 0.0023446 0.00250351 0.00265508 0.00279768 0.0029298 0.00304999 0.00315695 0.00324952 0.00332669 0.0033876 0.0034316 0.00345819 0.00346709 0.00345819 0.0034316 0.0033876 0.00332669 0.00324952 0.00315695 0.00304999 0.0029298 0.00279768 0.00265508 0.00250351 0.0023446 0.00218003 0.00201155 0.00184091 0.00166988 0.00150023 0.00133371 0.00117204 0.0010169 0.000869939 0.000732758 0.000606924 0.000493958 0.000395309 0.000312333 0.000246281 0.000198241 0
 0 0 0 0 0 0.00010994 0.000256428 0.000422851 0.00060696 0.000806605 0.00101959 0.0012437 0.00147668 0.00171622 0.00195998 0.00220554 0.00245043 0.00269216 0.00292827 0.00315625 0.00337372 0.00357836 0.00376795 0.00394047 0.00409401 0.00422691 0.00433771 0.00442518 0.00448836 0.00452655 0.00453932 0.00452655 0.00448836 0.00442518 0.00433771 0.00422691 0.00409401 0.00394047 0.00376795 0.00357836 0.00337372 0.00315625 0.00292827 0.00269216 0.00245043 0.00220554 0.00195998 0.00171622 0.00147668 0.0012437 0.00101959 0.000806605 0.00060696 0.000422851 0.000256428 0.00010994 0 0 0 0
 0 0 0 0 0 0 0 0.000152907 0.000404351 0.000674697 0.000961392 0.0012618 0.00157318 0.00189271 0.00221744 0.00254431 0.00287016 0.00319174 0.00350583 0.00380911 0.00409846 0.00437075 0.00462307 0.00485268 0.00505708 0.00523401 0.00538152 0.00549799 0.00558211 0.00563297 0.00564998 0.00563297 0.00558211 0.00549799 0.00538152 0.00523401 0.00505708 0.00485268 0.00462307 0.00437075 0.00409846 0.00380911 0.00350583 0.00319174 0.00287016 0.00254431 0.00221744 0.00189271 0.00157318 0.0012618 0.000961392 0.000674697 0.000404351 0.000152907 0 0 0 0 0 0
 0 0 0 0 0 0 0 0 0.000143522 0.000490956 0.00085631 0.00123713 0.00163051 0.00203329 0.00244209 0.00285325 0.00326298 0.00366729 0.00406215 0.00444348 0.00480729 0.00514974 0.0054671 0.00575593 0.00601306 0.00623567 0.00642128 0.00656782 0.00667369 0.00673768 0.00675909 0.00673768 0.00667369 0.00656782 0.00642128 0.00623567 0.00601306 0.00575593 0.0054671 0.00514974 0.00480729 0.00444348 0.00406215 0.00366729 0.00326298 0.00285325 0.00244209 0.00203329 0.00163051 0.00123713 0.00085631 0.000490956 0.000143522 0 0 0 0 0 0 0
 0 0 0 0 0 0 0 0 0 0.000273778 0.000719778 0.00118157 0.00165678 0.00214222 0.00263423 0.00312875 0.00362135 0.00410739 0.00458206 0.00504052 0.00547796 0.00588974 0.00627142 0.00661882 0.00692813 0.00719592 0.00741921 0.00759553 0.0077229 0.00779989 0.00782565 0.00779989 0.0077229 0.00759553 0.00741921 0.00719592 0.00692813 0.00661882 0.00627142 0.00588974 0.00547796 0.00504052 0.00458206 0.00410739 0.00362135 0.00312875 0.00263423 0.00214222 0.00165678 0.00118157 0.000719778 0.000273778 0 0 0 0 0 0 0 0
 0 0 0 0 0 0 0 0 0 4.27134e-05 0.000567815 0.00110744 0.00166047 0.00222407 0.00279456 0.00336756 0.00393816 0.00450113 0.00505091 0.00558198 0.00608876 0.00656585 0.00700811 0.00741069 0.00776914 0.0080795 0.00833831 0.00854268 0.00869031 0.00877956 0.00880942 0.00877956 0.00869031 0.00854268 0.00833831 0.0080795 0.00776914 0.00741069 0.00700811 0.00656585 0.00608876 0.00558198 0.00505091 0.00450113 0.00393816 0.00336756 0.00279456 0.00222407 0.00166047 0.00110744 0.000567815 4.27134e-05 0 0 0 0 0 0 0 0
 0 0 0 0 0 0 0 0 0 0 0.000416339 0.00102685 0.00164988 0.00228342 0.00292394 0.00356689 0.00420699 0.00483847 0.00545519 0.00605093 0.0066195 0.00715482 0.00765108 0.00810285 0.00850513 0.00885345 0.00914392 0.0093733 0.009539 0.00963918 0.00967269 0.00963918 0.009539 0.0093733 0.00914392 0.00885345 0.00850513 0.00810285 0.00765108 0.00715482 0.0066195 0.00605093 0.00545519 0.00483847 0.00420699 0.00356689 0.00292394 0.00228342 0.00164988 0.00102685 0.000416339 0 0 0 0 0 0 0 0 0
 0 0 0 0 0 0 0 0 0 0 0.000280307 0.000950969 0.00163268 0.00232454 0.00302332 0.0037244 0.00442223 0.00511064 0.00578297 0.00643247 0.00705238 0.00763608 0.00817724 0.0086699 0.00910861 0.00948849 0.00980529 0.0100555 0.0102362 0.0103454 0.010382 0.0103454 0.0102362 0.0100555 0.00980529 0.00948849 0.00910861 0.0086699 0.00817724 0.00763608 0.00705238 0.00643247 0.00578297 0.00511064 0.00442223 0.0037244 0.00302332 0.00232454 0.00163268 0.000950969 0.000280307 0 0 0 0 0 0 0 0 0
 0 0 0 0 0 0 0 0 0 0 0.000172761 0.000889322 0.00161535 0.00235108 0.00309357 0.00383824 0.00457935 0.00531043 0.00602446 0.00671426 0.00737267 0.00799265 0.00856747 0.0090908 0.00955683 0.00996038 0.0102969 0.0105627 0.0107547 0.0108708 0.0109096 0.0108708 0.0107547 0.0105627 0.0102969 0.00996038 0.00955683 0.0090908 0.00856747 0.00799265 0.00737267 0.00671426 0.00602446 0.00531043 0.00457935 0.00383824 0.00309357 0.00235108 0.00161535 0.000889322 0.000172761 0 0 0 0 0 0 0 0 0
 0 0 0 0 0 0 0 0 0 0 0.000103887 0.000849246 0.00160288 0.00236583 0.00313542 0.00390709 0.004675 0.0054325 0.00617235 0.00688711 0.00756937 0.00821183 0.00880751 0.00934983 0.0098328 0.010251 0.0105998 0.0108752 0.0110742 0.0111945 0.0112347 0.0111945 0.0110742 0.0108752 0.0105998 0.010251 0.0098328 0.00934983 0.00880751 0.00821183 0.00756937 0.00688711 0.00617235 0.0054325 0.004675 0.00390709 0.00313542 0.00236583 0.00160288 0.000849246 0.000103887 0 0 0 0 0 0 0 0 0
 0 0 0 0 0 0 0 0 0 0 8.01826e-05 0.000835361 0.00159837 0.00237055 0.00314931 0.00393012 0.00470712 0.00547357 0.00622215 0.00694537 0.00763571 0.00828578 0.00888851 0.00943727 0.00992597 0.0103491 0.0107021 0.0109808 0.0111821 0.0113038 0.0113446 0.0113038 0.0111821 0.0109808 0.0107021 0.0103491 0.00992597 0.00943727 0.00888851 0.00828578 0.00763571 0.00694537 0.00622215 0.00547357 0.00470712 0.00393012 0.00314931 0.00237055 0.00159837 0.000835361 8.01826e-05 0 0 0 0 0 0 0 0 0
 0 0 0 0 0 0 0 0 0 0 8.61445e-05 0.000838857 0.00159951 0.00236938 0.00314584 0.00392436 0.00469908 0.00546328 0.00620968 0.00693077 0.00761909 0.00826725 0.00886821 0.00941536 0.00990262 0.0103246 0.0106764 0.0109543 0.0111551 0.0112764 0.011317 0.0112764 0.0111551 0.0109543 0.0106764 0.0103246 0.00990262 0.00941536 0.00886821 0.00826725 0.00761909 0.00693077 0.00620968 0.00546328 0.00469908 0.00392436 0.00314584 0.00236938 0.00159951 0.000838857 8.61445e-05 0 0 0 0 0 0 0 0 0
 0 0 0 0 0 0 0 0 0 0 0.00013299 0.000866231 0.00160827 0.00235979 0.00311801 0.00387835 0.00463502 0.00538144 0.00611045 0.00681474 0.00748699 0.00812002 0.00870695 0.0092413 0.00971716 0.0101292 0.0104729 0.0107442 0.0109403 0.0110588 0.0110985 0.0110588 0.0109403 0.0107442 0.0104729 0.0101292 0.00971716 0.0092413 0.00870695 0.00812002 0.00748699 0.00681474 0.00611045 0.00538144 0.00463502 0.00387835 0.00311801 0.00235979 0.00160827 0.000866231 0.00013299 0 0 0 0 0 0 0 0 0
 0 0 0 0 0 0 0 0 0 0 0.00022226 0.00091785 0.00162368 0.00233944 0.00306203 0.00378687 0.00450829 0.00521996 0.00591502 0.00658648 0.00722738 0.00783085 0.00839035 0.00889973 0.00935333 0.00974611 0.0100737 0.0103323 0.0105192 0.0106322 0.01067 0.0106322 0.0105192 0.0103323 0.0100737 0.00974611 0.00935333 0.00889973 0.00839035 0.00783085 0.00722738 0.00658648 0.00591502 0.00521996 0.00450829 0.00378687 0.00306203 0.00233944 0.00162368 0.00091785 0.00022226 0 0 0 0 0 0 0 0 0
 0 0 0 0 0 0 0 0 0 0 0.000345523 0.000987684 0.00164167 0.00230602 0.00297732 0.00365099 0.00432161 0.00498319 0.00562931 0.00625346 0.00684917 0.00741006 0.00793005 0.00840343 0.00882497 0.00918997 0.00949436 0.00973472 0.00990837 0.0100133 0.0100485 0.0100133 0.00990837 0.00973472 0.00949436 0.00918997 0.00882497 0.00840343 0.00793005 0.00741006 0.00684917 0.00625346 0.00562931 0.00498319 0.00432161 0.00365099 0.00297732 0.00230602 0.00164167 0.000987684 0.000345523 0 0 0 0 0 0 0 0 0
 0 0 0 0 0 0 0 0 0 0 0.00049105 0.00106723 0.00165646 0.00225628 0.00286306 0.00347231 0.00407894 0.00467743 0.0052619 0.0058265 0.00636531 0.00687258 0.00734283 0.0077709 0.00815207 0.0084821 0.00875732 0.00897465 0.00913165 0.00922656 0.00925832 0.00922656 0.00913165 0.00897465 0.00875732 0.0084821 0.00815207 0.0077709 0.00734283 0.00687258 0.00636531 0.0058265 0.0052619 0.00467743 0.00407894 0.00347231 0.00286306 0.00225628 0.00165646 0.00106723 0.00049105 0 0 0 0 0 0 0 0 0
 0 0 0 0 0 0 0 0 0 0.00015874 0.000644721 0.00114606 0.00166092 0.00218624 0.00271832 0.00325292 0.00378537 0.0043107 0.00482374 0.00531929 0.00579214 0.00623728 0.0066499 0.00702548 0.00735988 0.00764941 0.00789085 0.00808148 0.0082192 0.00830245 0.00833031 0.00830245 0.0082192 0.00808148 0.00789085 0.00764941 0.00735988 0.00702548 0.0066499 0.00623728 0.00579214 0.00531929 0.00482374 0.0043107 0.00378537 0.00325292 0.00271832 0.00218624 0.00166092 0.00114606 0.000644721 0.00015874 0 0 0 0 0 0 0 0
 0 0 0 0 0 0 0 0 0 0.000385347 0.000790983 0.00121244 0.001647 0.00209143 0.00254218 0.00299539 0.00344692 0.00389246 0.00432758 0.00474783 0.00514877 0.00552619 0.00587599 0.00619436 0.0064778 0.00672319 0.00692781 0.00708937 0.00720607 0.00727663 0.00730023 0.00727663 0.00720607 0.00708937 0.00692781 0.00672319 0.0064778 0.00619436 0.00587599 0.00552619 0.00514877 0.00474783 0.00432758 0.00389246 0.00344692 0.00299539 0.00254218 0.00209143 0.001647 0.00121244 0.000790983 0.000385347 0 0 0 0 0 0 0 0
 0 0 0 0 0 0 0 0 0.000279964 0.000588194 0.000913775 0.00125409 0.00160625 0.00196724 0.00233385 0.00270274 0.0030704 0.00343323 0.00378759 0.00412978 0.00445625 0.00476351 0.00504825 0.00530738 0.00553806 0.00573775 0.00590425 0.00603571 0.00613067 0.00618807 0.00620727 0.00618807 0.00613067 0.00603571 0.00590425 0.00573775 0.00553806 0.00530738 0.00504825 0.00476351 0.00445625 0.00412978 0.00378759 0.00343323 0.0030704 0.00270274 0.00233385 0.00196724 0.00160625 0.00125409 0.000913775 0.000588194 0.000279964 0 0 0 0 0 0 0
 0 0 0 0 0 0 0.000100638 0.000297455 0.000514154 0.000748223 0.00099727 0.0012588 0.00153031 0.0018092 0.00209281 0.00237841 0.00266317 0.00294423 0.00321874 0.00348381 0.00373668 0.00397462 0.00419511 0.00439573 0.00457431 0.00472889 0.00485776 0.00495951 0.005033 0.00507742 0.00509229 0.00507742 0.005033 0.00495951 0.00485776 0.00472889 0.00457431 0.00439573 0.00419511 0.00397462 0.00373668 0.00348381 0.00321874 0.00294423 0.00266317 0.00237841 0.00209281 0.0018092 0.00153031 0.0012588 0.00099727 0.000748223 0.000514154 0.000297455 0.000100638 0 0 0 0 0
 0 0 2.29565e-05 8.26519e-05 0.000164479 0.00026692 0.000388271 0.000526742 0.000680536 0.000847807 0.00102666 0.00121518 0.00141141 0.00161335 0.00181897 0.00202619 0.00223289 0.00243695 0.00263626 0.00282872 0.00301228 0.00318502 0.00334504 0.00349063 0.00362022 0.00373237 0.00382586 0.00389967 0.00395298 0.0039852 0.00399598 0.0039852 0.00395298 0.00389967 0.00382586 0.00373237 0.00362022 0.00349063 0.00334504 0.00318502 0.00301228 0.00282872 0.00263626 0.00243695 0.00223289 0.00202619 0.00181897 0.00161335 0.00141141 0.00121518 0.00102666 0.000847807 0.000680536 0.000526742 0.000388271 0.00026692 0.000164479 8.26519e-05 2.29565e-05 0
 0.000306871 0.000314563 0.000337513 0.000375353 0.000427494 0.00049317 0.000571471 0.000661354 0.000761694 0.000871293 0.000988898 0.00111321 0.00124288 0.00137655 0.0015128 0.00165021 0.00178735 0.00192277 0.00205504 0.00218278 0.00230461 0.00241922 0.0025254 0.002622 0.00270795 0.00278233 0.00284434 0.00289329 0.00292864 0.00295 0.00295715 0.00295 0.00292864 0.00289329 0.00284434 0.00278233 0.00270795 0.002622 0.0025254 0.00241922 0.00230461 0.00218278 0.00205504 0.00192277 0.00178735 0.00165021 0.0015128 0.00137655 0.00124288 0.00111321 0.000988898 0.000871293 0.000761694 0.000661354 0.000571471 0.00049317 0.000427494 0.000375353 0.000337513 0
 0.000485017 0.000489331 0.000502219 0.000523507 0.000552921 0.000590081 0.000634524 0.000685707 0.00074302 0.000805798 0.000873328 0.000944857 0.0010196 0.00109674 0.00117545 0.00125489 0.00133421 0.00141256 0.0014891 0.00156302 0.00163352 0.00169986 0.0017613 0.00181718 0.0018669 0.00190993 0.0019458 0.00197411 0.00199455 0.00200691 0.00201104 0.00200691 0.00199455 0.00197411 0.0019458 0.00190993 0.0018669 0.00181718 0.0017613 0.00169986 0.00163352 0.00156302 0.0014891 0.00141256 0.00133421 0.00125489 0.00117545 0.00109674 0.0010196 0.000944857 0.000873328 0.000805798 0.00074302 0.000685707 0.000634524 0.000590081 0.000552921 0.000523507 0.000502219 0
 0.000498094 0.000500014 0.000505751 0.000515235 0.000528356 0.00054496 0.000564852 0.000587802 0.00061355 0.000641802 0.000672242 0.000704531 0.000738313 0.000773217 0.000808861 0.000844858 0.000880819 0.000916353 0.000951076 0.000984614 0.0010166 0.0010467 0.00107458 0.00109994 0.0011225 0.00114202 0.0011583 0.00117114 0.00118041 0.00118602 0.00118789 0.00118602 0.00118041 0.00117114 0.0011583 0.00114202 0.0011225 0.00109994 0.00107458 0.0010467 0.0010166 0.000984614 0.000951076 0.000916353 0.000880819 0.000844858 0.000808861 0.000773217 0.000738313 0.000704531 0.000672242 0.000641802 0.00061355 0.000587802 0.000564852 0.00054496 0.000528356 0.000515235 0.000505751 0
 0.000337589 0.000338069 0.000339504 0.000341878 0.000345164 0.000349325 0.000354315 0.000360078 0.00036655 0.000373659 0.000381327 0.000389467 0.000397992 0.000406807 0.000415816 0.000424919 0.000434018 0.000443012 0.000451805 0.000460299 0.000468403 0.000476029 0.000483093 0.000489518 0.000495236 0.000500183 0.000504306 0.000507561 0.000509911 0.000511331 0.000511807 0.000511331 0.000509911 0.000507561 0.000504306 0.000500183 0.000495236 0.000489518 0.000483093 0.000476029 0.000468403 0.000460299 0.000451805 0.000443012 0.000434018 0.000424919 0.000415816 0.000406807 0.000397992 0.000389467 0.000381327 0.000373659 0.00036655 0.000360078 0.000354315 0.000349325 0.000345164 0.000341878 0.000339504 0
 -1.96506e-09 -1.96506e-09 -1.96506e-09 -1.96506e-09 -1.96506e-09 -1.96506e-09 -1.96506e-09 -1.96506e-09 -1.96506e-09 -1.96506e-09 -1.96506e-09 -1.96506e-09 -1.96506e-09 -1.96506e-09 -1.96506e-09 -1.96506e-09 -1.96506e-09 -1.96506e-09 -1.96506e-09 -1.96506e-09 -1.96506e-09 -1.96506e-09 -1.96506e-09 -1.96506e-09 -1.96506e-09 -1.96506e-09 -1.96506e-09 -1.96506e-09 -1.96506e-09 -1.96506e-09 -1.96506e-09 -1.96506e-09 -1.96506e-09 -1.96506e-09 -1.96506e-09 -1.96506e-09 -1.96506e-09 -1.96506e-09 -1.96506e-09 -1.96506e-09 -1.96506e-09 -1.96506e-09 -1.96506e-09 -1.96506e-09 -1.96506e-09 -1.96506e-09 -1.96506e-09 -1.96506e-09 -1.96506e-09 -1.96506e-09 -1.96506e-09 -1.96506e-09 -1.96506e-09 -1.96506e-09 -1.96506e-09 -1.96506e-09 -1.96506e-09 -1.96506e-09 -1.96506e-09 0
