theta = rows; phi = columns
 3.46438e-07 3.46438e-07 3.46438e-07 3.46438e-07 3.46438e-07 3.46438e-07 3.46438e-07 3.46438e-07 3.46438e-07 3.46438e-07 3.46438e-07 3.46438e-07 3.46438e-07 3.46438e-07 3.46438e-07 3.46438e-07 3.46438e-07 3.46439e-07 3.46439e-07 3.46439e-07 3.46439e-07 3.46439e-07 3.46439e-07 3.46439e-07 3.46439e-07 3.46439e-07 3.46439e-07 3.46439e-07 3.46439e-07 3.46439e-07 3.46439e-07 3.46439e-07 3.46439e-07 3.46439e-07 3.46439e-07 3.46439e-07 3.46439e-07 3.46439e-07 3.46439e-07 3.46439e-07 3.46439e-07 3.46439e-07 3.46439e-07 3.46438e-07 3.46438e-07 3.46438e-07 3.46438e-07 3.46438e-07 3.46438e-07 3.46438e-07 3.46438e-07 3.46438e-07 3.46438e-07 3.46438e-07 3.46438e-07 3.46438e-07 3.46438e-07 3.46438e-07 3.46438e-07
 0.0297586 0.0298023 0.0299331 0.0301495 0.0304488 0.0308276 0.0312817 0.0318056 0.0323934 0.0330383 0.033733 0.0344696 0.0352395 0.0360341 0.0368444 0.0376612 0.0384753 0.0392774 0.0400585 0.0408099 0.0415231 0.04219 0.0428031 0.0433557 0.0438413 0.0442547 0.0445911 0.0448468 0.0450188 0.0451054 0.0451054 0.0450188 0.0448468 0.0445911 0.0442547 0.0438413 0.0433557 0.0428031 0.04219 0.0415231 0.0408099 0.0400585 0.0392774 0.0384753 0.0376612 0.0368444 0.0360341 0.0352395 0.0344696 0.033733 0.0330383 0.0323934 0.0318056 0.0312817 0.0308276 0.0304488 0.0301495 0.0299331 0.0298023
 0.0439068 0.0440818 0.0446047 0.045469 0.0466642 0.0481757 0.0499853 0.0520715 0.0544097 0.0569723 0.0597299 0.0626506 0.0657011 0.068847 0.0720526 0.0752819 0.0784988 0.0816673 0.084752 0.0877184 0.0905334 0.0931654 0.0955852 0.0977657 0.0996822 0.101313 0.102641 0.10365 0.104329 0.10467 0.10467 0.104329 0.10365 0.102641 0.101313 0.0996822 0.0977657 0.0955852 0.0931654 0.0905334 0.0877184 0.084752 0.0816673 0.0784988 0.0752819 0.0720526 0.068847 0.0657011 0.0626506 0.0597299 0.0569723 0.0544097 0.0520715 0.0499853 0.0481757 0.0466642 0.045469 0.0446047 0.0440818
 0.0427538 0.0431472 0.0443218 0.0462616 0.0489405 0.052323 0.0563655 0.061017 0.0662204 0.0719134 0.0780294 0.0844979 0.0912456 0.098197 0.105275 0.1124 0.119495 0.126481 0.13328 0.139818 0.146022 0.151823 0.157155 0.16196 0.166184 0.169779 0.172706 0.17493 0.176427 0.177179 0.177179 0.176427 0.17493 0.172706 0.169779 0.166184 0.16196 0.157155 0.151823 0.146022 0.139818 0.13328 0.126481 0.119495 0.1124 0.105275 0.098197 0.0912456 0.0844979 0.0780294 0.0719134 0.0662204 0.061017 0.0563655 0.052323 0.0489405 0.0462616 0.0443218 0.0431472
 0.0270502 0.0277514 0.0298431 0.0332907 0.0380388 0.0440155 0.0511354 0.0593011 0.0684074 0.0783426 0.0889898 0.100228 0.111932 0.123974 0.136223 0.148547 0.160812 0.172885 0.184635 0.195932 0.206653 0.216676 0.225893 0.234199 0.2415 0.247715 0.252775 0.25662 0.259208 0.26051 0.26051 0.259208 0.25662 0.252775 0.247715 0.2415 0.234199 0.225893 0.216676 0.206653 0.195932 0.184635 0.172885 0.160812 0.148547 0.136223 0.123974 0.111932 0.100228 0.0889898 0.0783426 0.0684074 0.0593011 0.0511354 0.0440155 0.0380388 0.0332907 0.0298431 0.0277514
 0 0 0.00216835 0.00760601 0.0150547 0.0243725 0.0354006 0.0479727 0.0619221 0.0770768 0.0932609 0.110296 0.128001 0.146189 0.16467 0.183252 0.201737 0.21993 0.237634 0.254656 0.270809 0.285916 0.299807 0.312327 0.323335 0.332706 0.340334 0.346133 0.350036 0.351999 0.351999 0.350036 0.346133 0.340334 0.332706 0.323335 0.312327 0.299807 0.285916 0.270809 0.254656 0.237634 0.21993 0.201737 0.183252 0.16467 0.146189 0.128001 0.110296 0.0932609 0.0770768 0.0619221 0.0479727 0.0354006 0.0243725 0.0150547 0.00760601 0.00216835 0
 0 0 0 0 0 0 0.0105482 0.0283993 0.0480348 0.0692243 0.0917448 0.115365 0.139851 0.164961 0.190448 0.216054 0.241519 0.266576 0.290959 0.314403 0.336656 0.357467 0.376607 0.39386 0.409032 0.421948 0.432464 0.440458 0.445839 0.448545 0.448545 0.445839 0.440458 0.432464 0.421948 0.409032 0.39386 0.376607 0.357467 0.336656 0.314403 0.290959 0.266576 0.241519 0.216054 0.190448 0.164961 0.139851 0.115365 0.0917448 0.0692243 0.0480348 0.0283993 0.0105482 0 0 0 0 0
 0 0 0 0 0 0 0 0.00218559 0.0282646 0.0561333 0.0855485 0.116264 0.148008 0.180499 0.213437 0.246508 0.279384 0.31173 0.343206 0.373474 0.402202 0.429078 0.453797 0.476082 0.49568 0.512367 0.525953 0.536282 0.543235 0.546731 0.546731 0.543235 0.536282 0.525953 0.512367 0.49568 0.476082 0.453797 0.429078 0.402202 0.373474 0.343206 0.31173 0.279384 0.246508 0.213437 0.180499 0.148008 0.116264 0.0855485 0.0561333 0.0282646 0.00218559 0 0 0 0 0 0
 0 0 0 0 0 0 0 0 0.00433035 0.0393245 0.0759286 0.113939 0.153089 0.193077 0.233566 0.27419 0.314564 0.354283 0.392932 0.430105 0.465391 0.498403 0.528772 0.556153 0.580234 0.600741 0.617438 0.630132 0.638677 0.642974 0.642974 0.638677 0.630132 0.617438 0.600741 0.580234 0.556153 0.528772 0.498403 0.465391 0.430105 0.392932 0.354283 0.314564 0.27419 0.233566 0.193077 0.153089 0.113939 0.0759286 0.0393245 0.00433035 0 0 0 0 0 0 0
 0 0 0 0 0 0 0 0 0 0.0204359 0.0642294 0.109403 0.155762 0.203012 0.250795 0.298711 0.346317 0.393149 0.438722 0.482555 0.524172 0.56311 0.598933 0.631235 0.659647 0.683843 0.703544 0.718523 0.728607 0.733678 0.733678 0.728607 0.718523 0.703544 0.683843 0.659647 0.631235 0.598933 0.56311 0.524172 0.482555 0.438722 0.393149 0.346317 0.298711 0.250795 0.203012 0.155762 0.109403 0.0642294 0.0204359 0 0 0 0 0 0 0 0
 0 0 0 0 0 0 0 0 0 0.00116451 0.0518102 0.103677 0.156704 0.210635 0.265117 0.319718 0.373955 0.427308 0.47923 0.529171 0.576593 0.620967 0.661795 0.698613 0.730999 0.758581 0.781039 0.798116 0.809611 0.815392 0.815392 0.809611 0.798116 0.781039 0.758581 0.730999 0.698613 0.661795 0.620967 0.576593 0.529171 0.47923 0.427308 0.373955 0.319718 0.265117 0.210635 0.156704 0.103677 0.0518102 0.00116451 0 0 0 0 0 0 0 0
 0 0 0 0 0 0 0 0 0 0 0.0399822 0.0977324 0.156557 0.216273 0.276538 0.336908 0.396865 0.455841 0.513239 0.568452 0.620883 0.669949 0.715096 0.755812 0.791628 0.822132 0.846971 0.865858 0.878572 0.884967 0.884967 0.878572 0.865858 0.846971 0.822132 0.791628 0.755812 0.715096 0.669949 0.620883 0.568452 0.513239 0.455841 0.396865 0.336908 0.276538 0.216273 0.156557 0.0977324 0.0399822 0 0 0 0 0 0 0 0 0
 0 0 0 0 0 0 0 0 0 0 0.0299315 0.0924344 0.155895 0.220216 0.285077 0.350028 0.414525 0.477967 0.539713 0.599112 0.655521 0.708314 0.756893 0.800704 0.839246 0.872072 0.898803 0.919128 0.93281 0.939692 0.939692 0.93281 0.919128 0.898803 0.872072 0.839246 0.800704 0.756893 0.708314 0.655521 0.599112 0.539713 0.477967 0.414525 0.350028 0.285077 0.220216 0.155895 0.0924344 0.0299315 0 0 0 0 0 0 0 0 0
 0 0 0 0 0 0 0 0 0 0 0.0226395 0.0884854 0.155179 0.222702 0.290755 0.358885 0.426532 0.493072 0.557834 0.620138 0.679309 0.734687 0.785647 0.831608 0.872041 0.906479 0.934523 0.955846 0.970201 0.977421 0.977421 0.970201 0.955846 0.934523 0.906479 0.872041 0.831608 0.785647 0.734687 0.679309 0.620138 0.557834 0.493072 0.426532 0.358885 0.290755 0.222702 0.155179 0.0884854 0.0226395 0 0 0 0 0 0 0 0 0
 0 0 0 0 0 0 0 0 0 0 0.0188097 0.0863821 0.154738 0.223902 0.29359 0.363347 0.432607 0.500732 0.567039 0.63083 0.691414 0.748117 0.800297 0.847358 0.88876 0.924023 0.952739 0.974573 0.989273 0.996665 0.996665 0.989273 0.974573 0.952739 0.924023 0.88876 0.847358 0.800297 0.748117 0.691414 0.63083 0.567039 0.500732 0.432607 0.363347 0.29359 0.223902 0.154738 0.0863821 0.0188097 0 0 0 0 0 0 0 0 0
 0 0 0 0 0 0 0 0 0 0 0.0188097 0.0863821 0.154738 0.223902 0.293589 0.363347 0.432607 0.500732 0.567039 0.63083 0.691414 0.748117 0.800297 0.847358 0.88876 0.924023 0.952739 0.974573 0.989273 0.996665 0.996665 0.989273 0.974573 0.952739 0.924023 0.88876 0.847358 0.800297 0.748117 0.691414 0.63083 0.567039 0.500732 0.432607 0.363347 0.293589 0.223902 0.154738 0.0863821 0.0188097 0 0 0 0 0 0 0 0 0
 0 0 0 0 0 0 0 0 0 0 0.0226396 0.0884854 0.155179 0.222702 0.290755 0.358885 0.426532 0.493072 0.557834 0.620138 0.679308 0.734687 0.785647 0.831608 0.872041 0.906479 0.934522 0.955846 0.970201 0.97742 0.97742 0.970201 0.955846 0.934522 0.906479 0.872041 0.831608 0.785647 0.734687 0.679308 0.620138 0.557834 0.493072 0.426532 0.358885 0.290755 0.222702 0.155179 0.0884854 0.0226396 0 0 0 0 0 0 0 0 0
 0 0 0 0 0 0 0 0 0 0 0.0299316 0.0924345 0.155895 0.220216 0.285077 0.350028 0.414525 0.477967 0.539713 0.599112 0.655521 0.708313 0.756892 0.800704 0.839245 0.872071 0.898802 0.919127 0.93281 0.939691 0.939691 0.93281 0.919127 0.898802 0.872071 0.839245 0.800704 0.756892 0.708313 0.655521 0.599112 0.539713 0.477967 0.414525 0.350028 0.285077 0.220216 0.155895 0.0924345 0.0299316 0 0 0 0 0 0 0 0 0
 0 0 0 0 0 0 0 0 0 0 0.0399823 0.0977325 0.156557 0.216273 0.276538 0.336908 0.396864 0.455841 0.513239 0.568452 0.620882 0.669948 0.715095 0.755811 0.791627 0.822131 0.846971 0.865857 0.878572 0.884966 0.884966 0.878572 0.865857 0.846971 0.822131 0.791627 0.755811 0.715095 0.669948 0.620882 0.568452 0.513239 0.455841 0.396864 0.336908 0.276538 0.216273 0.156557 0.0977325 0.0399823 0 0 0 0 0 0 0 0 0
 0 0 0 0 0 0 0 0 0 0.00116477 0.0518103 0.103677 0.156704 0.210635 0.265117 0.319718 0.373955 0.427308 0.479229 0.529171 0.576592 0.620967 0.661795 0.698612 0.730998 0.75858 0.781038 0.798115 0.80961 0.815391 0.815391 0.80961 0.798115 0.781038 0.75858 0.730998 0.698612 0.661795 0.620967 0.576592 0.529171 0.479229 0.427308 0.373955 0.319718 0.265117 0.210635 0.156704 0.103677 0.0518103 0.00116477 0 0 0 0 0 0 0 0
 0 0 0 0 0 0 0 0 0 0.0204362 0.0642296 0.109403 0.155762 0.203011 0.250795 0.298711 0.346317 0.393149 0.438722 0.482554 0.524171 0.563109 0.598932 0.631234 0.659646 0.683842 0.703543 0.718522 0.728606 0.733677 0.733677 0.728606 0.718522 0.703543 0.683842 0.659646 0.631234 0.598932 0.563109 0.524171 0.482554 0.438722 0.393149 0.346317 0.298711 0.250795 0.203011 0.155762 0.109403 0.0642296 0.0204362 0 0 0 0 0 0 0 0
 0 0 0 0 0 0 0 0 0.0043307 0.0393248 0.0759288 0.113939 0.153089 0.193077 0.233565 0.27419 0.314563 0.354282 0.392932 0.430104 0.46539 0.498402 0.528771 0.556151 0.580233 0.60074 0.617437 0.63013 0.638676 0.642973 0.642973 0.638676 0.63013 0.617437 0.60074 0.580233 0.556151 0.528771 0.498402 0.46539 0.430104 0.392932 0.354282 0.314563 0.27419 0.233565 0.193077 0.153089 0.113939 0.0759288 0.0393248 0.0043307 0 0 0 0 0 0 0
 0 0 0 0 0 0 0 0.00218599 0.0282649 0.0561335 0.0855487 0.116264 0.148008 0.180499 0.213437 0.246508 0.279383 0.311729 0.343205 0.373473 0.402201 0.429077 0.453796 0.47608 0.495678 0.512366 0.525952 0.536281 0.543233 0.54673 0.54673 0.543233 0.536281 0.525952 0.512366 0.495678 0.47608 0.453796 0.429077 0.402201 0.373473 0.343205 0.311729 0.279383 0.246508 0.213437 0.180499 0.148008 0.116264 0.0855487 0.0561335 0.0282649 0.00218599 0 0 0 0 0 0
 0 0 0 0 0 0 0.0105486 0.0283997 0.048035 0.0692244 0.0917449 0.115365 0.139851 0.164961 0.190447 0.216054 0.241518 0.266575 0.290959 0.314402 0.336655 0.357466 0.376606 0.393859 0.40903 0.421947 0.432463 0.440457 0.445837 0.448543 0.448543 0.445837 0.440457 0.432463 0.421947 0.40903 0.393859 0.376606 0.357466 0.336655 0.314402 0.290959 0.266575 0.241518 0.216054 0.190447 0.164961 0.139851 0.115365 0.0917449 0.0692244 0.048035 0.0283997 0.0105486 0 0 0 0 0
 0 0 0.00216881 0.00760644 0.0150551 0.0243729 0.0354009 0.0479729 0.0619222 0.0770769 0.0932608 0.110296 0.128 0.146188 0.16467 0.183251 0.201737 0.219929 0.237633 0.254655 0.270808 0.285915 0.299805 0.312326 0.323334 0.332705 0.340333 0.346132 0.350035 0.351998 0.351998 0.350035 0.346132 0.340333 0.332705 0.323334 0.312326 0.299805 0.285915 0.270808 0.254655 0.237633 0.219929 0.201737 0.183251 0.16467 0.146188 0.128 0.110296 0.0932608 0.0770769 0.0619222 0.0479729 0.0354009 0.0243729 0.0150551 0.00760644 0.00216881 0
 0.0270505 0.0277517 0.0298434 0.0332909 0.038039 0.0440157 0.0511355 0.0593012 0.0684075 0.0783426 0.0889897 0.100228 0.111932 0.123973 0.136222 0.148546 0.160811 0.172884 0.184634 0.195932 0.206652 0.216675 0.225892 0.234198 0.241499 0.247714 0.252773 0.256619 0.259207 0.260508 0.260508 0.259207 0.256619 0.252773 0.247714 0.241499 0.234198 0.225892 0.216675 0.206652 0.195932 0.184634 0.172884 0.160811 0.148546 0.136222 0.123973 0.111932 0.100228 0.0889897 0.0783426 0.0684075 0.0593012 0.0511355 0.0440157 0.038039 0.0332909 0.0298434 0.0277517
 0.0427539 0.0431473 0.0443219 0.0462617 0.0489406 0.0523231 0.0563655 0.0610169 0.0662203 0.0719133 0.0780292 0.0844976 0.0912453 0.0981966 0.105274 0.1124 0.119494 0.12648 0.133279 0.139817 0.146021 0.151822 0.157154 0.161959 0.166183 0.169778 0.172705 0.174929 0.176426 0.177178 0.177178 0.176426 0.174929 0.172705 0.169778 0.166183 0.161959 0.157154 0.151822 0.146021 0.139817 0.133279 0.12648 0.119494 0.1124 0.105274 0.0981966 0.0912453 0.0844976 0.0780292 0.0719133 0.0662203 0.0610169 0.0563655 0.0523231 0.0489406 0.0462617 0.0443219 0.0431473
 0.0439068 0.0440818 0.0446046 0.0454689 0.046664 0.0481755 0.0499852 0.0520713 0.0544094 0.0569721 0.0597296 0.0626503 0.0657008 0.0688465 0.0720521 0.0752814 0.0784983 0.0816667 0.0847514 0.0877177 0.0905326 0.0931647 0.0955844 0.0977648 0.0996814 0.101313 0.10264 0.103649 0.104328 0.104669 0.104669 0.104328 0.103649 0.10264 0.101313 0.0996814 0.0977648 0.0955844 0.0931647 0.0905326 0.0877177 0.0847514 0.0816667 0.0784983 0.0752814 0.0720521 0.0688465 0.0657008 0.0626503 0.0597296 0.0569721 0.0544094 0.0520713 0.0499852 0.0481755 0.046664 0.0454689 0.0446046 0.0440818
 0.0297583 0.029802 0.0299328 0.0301492 0.0304485 0.0308273 0.0312813 0.0318052 0.032393 0.033038 0.0337326 0.0344691 0.0352391 0.0360337 0.0368439 0.0376607 0.0384747 0.0392768 0.0400579 0.0408093 0.0415224 0.0421893 0.0428025 0.043355 0.0438407 0.044254 0.0445904 0.0448461 0.0450181 0.0451046 0.0451046 0.0450181 0.0448461 0.0445904 0.044254 0.0438407 0.043355 0.0428025 0.0421893 0.0415224 0.0408093 0.0400579 0.0392768 0.0384747 0.0376607 0.0368439 0.0360337 0.0352391 0.0344691 0.0337326 0.033038 0.032393 0.0318052 0.0312813 0.0308273 0.0304485 0.0301492 0.0299328 0.029802
 -1.67246e-07 -1.67246e-07 -1.67246e-07 -1.67246e-07 -1.67246e-07 -1.67246e-07 -1.67246e-07 -1.67246e-07 -1.67246e-07 -1.67246e-07 -1.67246e-07 -1.67246e-07 -1.67246e-07 -1.67246e-07 -1.67246e-07 -1.67246e-07 -1.67246e-07 -1.67246e-07 -1.67246e-07 -1.67246e-07 -1.67246e-07 -1.67246e-07 -1.67246e-07 -1.67246e-07 -1.67246e-07 -1.67246e-07 -1.67246e-07 -1.67246e-07 -1.67246e-07 -1.67246e-07 -1.67246e-07 -1.67246e-07 -1.67246e-07 -1.67246e-07 -1.67246e-07 -1.67246e-07 -1.67246e-07 -1.67246e-07 -1.67246e-07 -1.67246e-07 -1.67246e-07 -1.67246e-07 -1.67246e-07 -1.67246e-07 -1.67246e-07 -1.67246e-07 -1.67246e-07 -1.67246e-07 -1.67246e-07 -1.67246e-07 -1.67246e-07 -1.67246e-07 -1.67246e-07 -1.67246e-07 -1.67246e-07 -1.67246e-07 -1.67246e-07 -1.67246e-07 -1.67246e-07
