theta = rows; phi = columns
 0.000214938 0.000215011 0.000215228 0.000215587 0.000216084 0.000216714 0.000217471 0.000218347 0.000219332 0.000220416 0.000221587 0.000222833 0.000224141 0.000225496 0.000226884 0.000228289 0.000229696 0.000231091 0.000232456 0.000233778 0.000235041 0.000236231 0.000237336 0.000238341 0.000239237 0.000240014 0.000240661 0.000241172 0.000241542 0.000241765 0.00024184 0.000241765 0.000241542 0.000241172 0.000240661 0.000240014 0.000239237 0.000238341 0.000237336 0.000236231 0.000235041 0.000233778 0.000232456 0.000231091 0.000229696 0.000228289 0.000226884 0.000225496 0.000224141 0.000222833 0.000221587 0.000220416 0.000219332 0.000218347 0.000217471 0.000216714 0.000216084 0.000215587 0.000215228 0
 0.000560651 0.00056129 0.000563203 0.000566371 0.000570768 0.000576352 0.000583072 0.000590865 0.000599657 0.000609361 0.00061988 0.000631108 0.000642927 0.000655212 0.000667833 0.00068065 0.000693523 0.000706308 0.000718859 0.000731035 0.000742694 0.000753703 0.000763933 0.000773265 0.000781588 0.000788806 0.000794832 0.000799594 0.000803037 0.000805119 0.000805816 0.000805119 0.000803037 0.000799594 0.000794832 0.000788806 0.000781588 0.000773265 0.000763933 0.000753703 0.000742694 0.000731035 0.000718859 0.000706308 0.000693523 0.00068065 0.000667833 0.000655212 0.000642927 0.000631108 0.00061988 0.000609361 0.000599657 0.000590865 0.000583072 0.000576352 0.000570768 0.000566371 0.000563203 0
 0.000783376 0.000785135 0.0007904 0.000799135 0.000811279 0.000826741 0.000845402 0.000867108 0.000891671 0.00091887 0.000948445 0.000980105 0.00101353 0.00104836 0.00108422 0.00112071 0.00115744 0.00119397 0.00122989 0.00126477 0.00129822 0.00132983 0.00135922 0.00138605 0.00140998 0.00143075 0.00144809 0.00146181 0.00147172 0.00147772 0.00147973 0.00147772 0.00147172 0.00146181 0.00144809 0.00143075 0.00140998 0.00138605 0.00135922 0.00132983 0.00129822 0.00126477 0.00122989 0.00119397 0.00115744 0.00112071 0.00108422 0.00104836 0.00101353 0.000980105 0.000948445 0.00091887 0.000891671 0.000867108 0.000845402 0.000826741 0.000811279 0.000799135 0.0007904 0
 0.000865306 0.000868766 0.00087913 0.000896351 0.000920341 0.000950963 0.000988019 0.00103124 0.00108029 0.00113473 0.00119406 0.00125769 0.00132497 0.00139519 0.00146757 0.0015413 0.00161554 0.00168943 0.00176212 0.00183274 0.00190046 0.00196445 0.00202397 0.00207832 0.00212681 0.00216887 0.002204 0.00223177 0.00225185 0.002264 0.00226807 0.002264 0.00225185 0.00223177 0.002204 0.00216887 0.00212681 0.00207832 0.00202397 0.00196445 0.00190046 0.00183274 0.00176212 0.00168943 0.00161554 0.0015413 0.00146757 0.00139519 0.00132497 0.00125769 0.00119406 0.00113473 0.00108029 0.00103124 0.000988019 0.000950963 0.000920341 0.000896351 0.00087913 0
 0.000787395 0.00079323 0.000810719 0.000839803 0.000880369 0.00093222 0.00099507 0.00106848 0.00115186 0.00124448 0.00134547 0.00145381 0.00156836 0.00168789 0.00181107 0.00193651 0.00206278 0.00218841 0.00231194 0.00243192 0.00254691 0.00265558 0.00275662 0.0028488 0.00293107 0.00300242 0.00306199 0.00310909 0.00314313 0.00316373 0.00317062 0.00316373 0.00314313 0.00310909 0.00306199 0.00300242 0.00293107 0.0028488 0.00275662 0.00265558 0.00254691 0.00243192 0.00231194 0.00218841 0.00206278 0.00193651 0.00181107 0.00168789 0.00156836 0.00145381 0.00134547 0.00124448 0.00115186 0.00106848 0.00099507 0.00093222 0.000880369 0.000839803 0.000810719 0
 0.000715119 0.000695064 0.00057025 0.000616119 0.000678477 0.000759188 0.000856765 0.00097043 0.00109925 0.00124205 0.00139743 0.00156378 0.00173935 0.00192224 0.00211045 0.00230186 0.00249431 0.0026856 0.00287354 0.00305592 0.00323063 0.00339562 0.00354894 0.0036888 0.00381354 0.0039217 0.00401199 0.00408335 0.00413493 0.00416613 0.00417657 0.00416613 0.00413493 0.00408335 0.00401199 0.0039217 0.00381354 0.0036888 0.00354894 0.00339562 0.00323063 0.00305592 0.00287354 0.0026856 0.00249431 0.00230186 0.00211045 0.00192224 0.00173935 0.00156378 0.00139743 0.00124205 0.00109925 0.00097043 0.000856765 0.000759188 0.000678477 0.000616119 0.00057025 0
 0.00134356 0.00131605 0.00123425 0.00110161 0.000922045 0.000701643 0.000574099 0.00073918 0.000925743 0.00113115 0.0013535 0.00159052 0.00183977 0.00209866 0.00236441 0.00263416 0.00290494 0.00317374 0.00343754 0.00369329 0.00393811 0.00416914 0.00438374 0.00457941 0.00475386 0.00490507 0.00503127 0.00513099 0.00520307 0.00524665 0.00526123 0.00524665 0.00520307 0.00513099 0.00503127 0.00490507 0.00475386 0.00457941 0.00438374 0.00416914 0.00393811 0.00369329 0.00343754 0.00317374 0.00290494 0.00263416 0.00236441 0.00209866 0.00183977 0.00159052 0.0013535 0.00113115 0.000925743 0.00073918 0.000574099 0.000701643 0.000922045 0.00110161 0.00123425 0
 0 0 0 0 0 0.00119095 0.000866749 0.000390638 0.000646519 0.000926595 0.00122693 0.00154499 0.00187778 0.00222206 0.00257443 0.00293127 0.00328883 0.00364327 0.00399072 0.00432729 0.0046492 0.00495285 0.00523474 0.00549165 0.00572064 0.00591906 0.00608463 0.00621544 0.00630997 0.00636712 0.00638625 0.00636712 0.00630997 0.00621544 0.00608463 0.00591906 0.00572064 0.00549165 0.00523474 0.00495285 0.0046492 0.00432729 0.00399072 0.00364327 0.00328883 0.00293127 0.00257443 0.00222206 0.00187778 0.00154499 0.00122693 0.000926595 0.000646519 0.000390638 0.000866749 0.00119095 0 0 0 0
 0 0 0 0 0 0 0 0.000858512 0.000288581 0.000652973 0.00103934 0.00144485 0.00186656 0.00230091 0.00274403 0.0031917 0.0036395 0.0040828 0.00451689 0.00493709 0.00533873 0.00571737 0.00606875 0.00638889 0.00667415 0.00692128 0.00712746 0.00729032 0.007408 0.00747916 0.00750297 0.00747916 0.007408 0.00729032 0.00712746 0.00692128 0.00667415 0.00638889 0.00606875 0.00571737 0.00533873 0.00493709 0.00451689 0.0040828 0.0036395 0.0031917 0.00274403 0.00230091 0.00186656 0.00144485 0.00103934 0.000652973 0.000288581 0.000858512 0 0 0 0 0 0
 0 0 0 0 0 0 0 0 0.000663307 0.000341841 0.000817621 0.00131176 0.0018222 0.00234558 0.00287783 0.00341437 0.00395021 0.00448007 0.00499846 0.00549994 0.00597905 0.00643054 0.00684938 0.00723089 0.00757076 0.00786515 0.00811073 0.00830469 0.00844484 0.00852957 0.00855792 0.00852957 0.00844484 0.00830469 0.00811073 0.00786515 0.00757076 0.00723089 0.00684938 0.00643054 0.00597905 0.00549994 0.00499846 0.00448007 0.00395021 0.00341437 0.00287783 0.00234558 0.0018222 0.00131176 0.000817621 0.000341841 0.000663307 0 0 0 0 0 0 0
 0 0 0 0 0 0 0 0 0 0.000290949 0.00059026 0.0011682 0.0017612 0.00236664 0.0029806 0.00359833 0.00421443 0.00482311 0.00541822 0.0059936 0.00654313 0.00706083 0.00754098 0.00797825 0.00836775 0.00870508 0.00898644 0.00920866 0.00936921 0.00946628 0.00949875 0.00946628 0.00936921 0.00920866 0.00898644 0.00870508 0.00836775 0.00797825 0.00754098 0.00706083 0.00654313 0.0059936 0.00541822 0.00482311 0.00421443 0.00359833 0.0029806 0.00236664 0.0017612 0.0011682 0.00059026 0.000290949 0 0 0 0 0 0 0 0
 0 0 0 0 0 0 0 0 0 0.000445037 0.000383852 0.00103469 0.00169836 0.00237347 0.00305649 0.00374266 0.00442634 0.0051013 0.00576091 0.00639841 0.00700712 0.00758044 0.00811211 0.00859623 0.00902741 0.00940081 0.00971225 0.0099582 0.0101359 0.0102433 0.0102793 0.0102433 0.0101359 0.0099582 0.00971225 0.00940081 0.00902741 0.00859623 0.00811211 0.00758044 0.00700712 0.00639841 0.00576091 0.0051013 0.00442634 0.00374266 0.00305649 0.00237347 0.00169836 0.00103469 0.000383852 0.000445037 0 0 0 0 0 0 0 0
 0 0 0 0 0 0 0 0 0 0 0.000220438 0.000927721 0.0016454 0.00237341 0.00310868 0.00384653 0.00458117 0.00530611 0.00601432 0.00669865 0.00735194 0.00796719 0.00853768 0.00905711 0.00951971 0.0099203 0.0102544 0.0105182 0.0107089 0.0108241 0.0108626 0.0108241 0.0107089 0.0105182 0.0102544 0.0099203 0.00951971 0.00905711 0.00853768 0.00796719 0.00735194 0.00669865 0.00601432 0.00530611 0.00458117 0.00384653 0.00310868 0.00237341 0.0016454 0.000927721 0.000220438 0 0 0 0 0 0 0 0 0
 0 0 0 0 0 0 0 0 0 0 0.000116044 0.000859006 0.0016105 0.00237149 0.00313924 0.00390918 0.00467546 0.0054314 0.00616977 0.00688315 0.00756412 0.00820538 0.00879995 0.00934129 0.00982338 0.0102408 0.010589 0.010864 0.0110626 0.0111827 0.0112228 0.0111827 0.0110626 0.010864 0.010589 0.0102408 0.00982338 0.00934129 0.00879995 0.00820538 0.00756412 0.00688315 0.00616977 0.0054314 0.00467546 0.00390918 0.00313924 0.00237149 0.0016105 0.000859006 0.000116044 0 0 0 0 0 0 0 0 0
 0 0 0 0 0 0 0 0 0 0 8.01826e-05 0.000835361 0.00159837 0.00237055 0.00314931 0.00393012 0.00470712 0.00547357 0.00622215 0.00694537 0.00763571 0.00828578 0.00888851 0.00943727 0.00992597 0.0103491 0.0107021 0.0109808 0.0111821 0.0113038 0.0113446 0.0113038 0.0111821 0.0109808 0.0107021 0.0103491 0.00992597 0.00943727 0.00888851 0.00828578 0.00763571 0.00694537 0.00622215 0.00547357 0.00470712 0.00393012 0.00314931 0.00237055 0.00159837 0.000835361 8.01826e-05 0 0 0 0 0 0 0 0 0
 0 0 0 0 0 0 0 0 0 0 8.47002e-05 0.000837901 0.00159899 0.00236923 0.00314604 0.00392489 0.0046999 0.00546439 0.00621104 0.00693239 0.00762092 0.0082693 0.00887045 0.00941777 0.00990518 0.0103272 0.0106792 0.0109572 0.011158 0.0112794 0.01132 0.0112794 0.011158 0.0109572 0.0106792 0.0103272 0.00990518 0.00941777 0.00887045 0.0082693 0.00762092 0.00693239 0.00621104 0.00546439 0.0046999 0.00392489 0.00314604 0.00236923 0.00159899 0.000837901 8.47002e-05 0 0 0 0 0 0 0 0 0
 0 0 0 0 0 0 0 0 0 0 0.000120144 0.000857715 0.00160356 0.00235849 0.00311982 0.00388304 0.0046424 0.00539132 0.00612269 0.00682917 0.00750346 0.00813836 0.00872699 0.00926288 0.00974009 0.0101533 0.0104979 0.01077 0.0109666 0.0110855 0.0111252 0.0110855 0.0109666 0.01077 0.0104979 0.0101533 0.00974009 0.00926288 0.00872699 0.00813836 0.00750346 0.00682917 0.00612269 0.00539132 0.0046424 0.00388304 0.00311982 0.00235849 0.00160356 0.000857715 0.000120144 0 0 0 0 0 0 0 0 0
 0 0 0 0 0 0 0 0 0 0 0.000187607 0.000894779 0.00161087 0.0023359 0.00306699 0.0037997 0.00452848 0.00524704 0.00594855 0.00662604 0.00727253 0.00788115 0.00844534 0.00895892 0.00941622 0.00981217 0.0101424 0.0104031 0.0105914 0.0107053 0.0107434 0.0107053 0.0105914 0.0104031 0.0101424 0.00981217 0.00941622 0.00895892 0.00844534 0.00788115 0.00727253 0.00662604 0.00594855 0.00524704 0.00452848 0.0037997 0.00306699 0.0023359 0.00161087 0.000894779 0.000187607 0 0 0 0 0 0 0 0 0
 0 0 0 0 0 0 0 0 0 0.000117587 0.000281062 0.000944561 0.00161769 0.00229947 0.00298685 0.0036755 0.00436014 0.00503487 0.00569331 0.00632899 0.00693539 0.00750613 0.00803508 0.0085165 0.00894512 0.00931618 0.00962559 0.0098699 0.0100464 0.0101531 0.0101888 0.0101531 0.0100464 0.0098699 0.00962559 0.00931618 0.00894512 0.0085165 0.00803508 0.00750613 0.00693539 0.00632899 0.00569331 0.00503487 0.00436014 0.0036755 0.00298685 0.00229947 0.00161769 0.000944561 0.000281062 0.000117587 0 0 0 0 0 0 0 0
 0 0 0 0 0 0 0 0 0.000312399 0 0.000393077 0.00100142 0.00161993 0.00224671 0.00287854 0.00351124 0.0041399 0.00475909 0.00536301 0.00594578 0.00650147 0.00702429 0.0075087 0.00794947 0.00834181 0.00868143 0.00896457 0.00918813 0.0093496 0.00944721 0.00947987 0.00944721 0.0093496 0.00918813 0.00896457 0.00868143 0.00834181 0.00794947 0.0075087 0.00702429 0.00650147 0.00594578 0.00536301 0.00475909 0.0041399 0.00351124 0.00287854 0.00224671 0.00161993 0.00100142 0.000393077 0 0.000312399 0 0 0 0 0 0 0
 0 0 0 0 0 0 0 0.000287379 0 0 0.00051568 0.00105923 0.00161314 0.00217486 0.00274108 0.00330782 0.00387057 0.00442448 0.00496437 0.00548507 0.0059813 0.00644797 0.00688019 0.00727336 0.00762323 0.00792603 0.00817844 0.00837769 0.00852161 0.00860859 0.0086377 0.00860859 0.00852161 0.00837769 0.00817844 0.00792603 0.00762323 0.00727336 0.00688019 0.00644797 0.0059813 0.00548507 0.00496437 0.00442448 0.00387057 0.00330782 0.00274108 0.00217486 0.00161314 0.00105923 0.00051568 0 0 0.000287379 0 0 0 0 0 0
 0 0 0 0 0 0 8.67647e-05 0 0 0.000182171 0.00064041 0.00111137 0.00159253 0.00208099 0.00257343 0.00306614 0.0035551 0.00403605 0.00450451 0.00495601 0.00538604 0.00579025 0.00616445 0.00650471 0.00680741 0.00706931 0.00728759 0.00745987 0.00758429 0.00765949 0.00768465 0.00765949 0.00758429 0.00745987 0.00728759 0.00706931 0.00680741 0.00650471 0.00616445 0.00579025 0.00538604 0.00495601 0.00450451 0.00403605 0.0035551 0.00306614 0.00257343 0.00208099 0.00159253 0.00111137 0.00064041 0.000182171 0 0 8.67647e-05 0 0 0 0 0
 0 0 0 4.05919e-05 0 0 0 0 1.28096e-05 0.000377373 0.00075748 0.00115021 0.00155263 0.00196174 0.00237438 0.00278722 0.00319673 0.00359929 0.00399116 0.00436858 0.00472784 0.00506534 0.00537763 0.00566148 0.0059139 0.00613224 0.00631416 0.00645772 0.00656139 0.00662404 0.006645 0.00662404 0.00656139 0.00645772 0.00631416 0.00613224 0.0059139 0.00566148 0.00537763 0.00506534 0.00472784 0.00436858 0.00399116 0.00359929 0.00319673 0.00278722 0.00237438 0.00196174 0.00155263 0.00115021 0.00075748 0.000377373 1.28096e-05 0 0 0 0 4.05919e-05 0 0
 0 0 0 0 0 0 0 6.54302e-07 0.000268591 0.000554224 0.000854382 0.0011661 0.00148657 0.00181297 0.00214251 0.00247229 0.00279938 0.00312079 0.00343351 0.00373452 0.00402091 0.00428979 0.00453848 0.00476441 0.00496526 0.00513892 0.00528359 0.00539773 0.00548013 0.00552993 0.00554659 0.00552993 0.00548013 0.00539773 0.00528359 0.00513892 0.00496526 0.00476441 0.00453848 0.00428979 0.00402091 0.00373452 0.00343351 0.00312079 0.00279938 0.00247229 0.00214251 0.00181297 0.00148657 0.0011661 0.000854382 0.000554224 0.000268591 6.54302e-07 0 0 0 0 0 0
 0 0 0 0 0 0 0.000110825 0.000288421 0.000483441 0.000693178 0.000915071 0.00114667 0.0013856 0.00162953 0.00187615 0.00212314 0.00236818 0.00260895 0.00284317 0.00306854 0.00328285 0.003484 0.00366994 0.00383882 0.00398888 0.0041186 0.00422663 0.00431185 0.00437336 0.00441053 0.00442297 0.00441053 0.00437336 0.00431185 0.00422663 0.0041186 0.00398888 0.00383882 0.00366994 0.003484 0.00328285 0.00306854 0.00284317 0.00260895 0.00236818 0.00212314 0.00187615 0.00162953 0.0013856 0.00114667 0.000915071 0.000693178 0.000483441 0.000288421 0.000110825 0 0 0 0 0
 3.1843e-05 4.2205e-05 7.30647e-05 0.000123765 0.000193276 0.000280263 0.000383187 0.000500376 0.000630094 0.000770579 0.000920076 0.00107684 0.00123916 0.00140532 0.00157362 0.00174238 0.00190995 0.00207466 0.0022349 0.00238909 0.00253569 0.00267324 0.00280038 0.0029158 0.00301834 0.00310695 0.00318074 0.00323893 0.00328093 0.00330631 0.00331479 0.00330631 0.00328093 0.00323893 0.00318074 0.00310695 0.00301834 0.0029158 0.00280038 0.00267324 0.00253569 0.00238909 0.0022349 0.00207466 0.00190995 0.00174238 0.00157362 0.00140532 0.00123916 0.00107684 0.000920076 0.000770579 0.000630094 0.000500376 0.000383187 0.000280263 0.000193276 0.000123765 7.30647e-05 0
 0.000337226 0.000343029 0.000360341 0.000388876 0.000428174 0.00047762 0.000536474 0.000603895 0.000678965 0.000760713 0.000848131 0.000940188 0.00103584 0.00113403 0.00123371 0.00133384 0.00143338 0.00153131 0.00162663 0.00171839 0.00180566 0.00188755 0.00196322 0.00203192 0.00209296 0.00214569 0.0021896 0.00222422 0.00224921 0.0022643 0.00226935 0.0022643 0.00224921 0.00222422 0.0021896 0.00214569 0.00209296 0.00203192 0.00196322 0.00188755 0.00180566 0.00171839 0.00162663 0.00153131 0.00143338 0.00133384 0.00123371 0.00113403 0.00103584 0.000940188 0.000848131 0.000760713 0.000678965 0.000603895 0.000536474 0.00047762 0.000428174 0.000388876 0.000360341 0
 0.000449169 0.000451737 0.000459404 0.000472067 0.000489554 0.000511633 0.000538016 0.000568365 0.000602301 0.000639409 0.000679247 0.000721351 0.000765241 0.000810425 0.000856407 0.000902689 0.000948777 0.000994183 0.00103843 0.00108106 0.00112162 0.0011597 0.00119491 0.00122689 0.00125529 0.00127984 0.00130028 0.00131639 0.00132803 0.00133505 0.0013374 0.00133505 0.00132803 0.00131639 0.00130028 0.00127984 0.00125529 0.00122689 0.00119491 0.0011597 0.00112162 0.00108106 0.00103843 0.000994183 0.000948777 0.000902689 0.000856407 0.000810425 0.000765241 0.000721351 0.000679247 0.000639409 0.000602301 0.000568365 0.000538016 0.000511633 0.000489554 0.000472067 0.000459404 0
 0.000340934 0.00034157 0.00034347 0.000346612 0.000350959 0.000356459 0.000363047 0.000370647 0.000379169 0.000388516 0.000398582 0.000409251 0.000420404 0.000431917 0.000443662 0.00045551 0.000467332 0.000479 0.000490389 0.000501375 0.000511842 0.000521678 0.00053078 0.000539051 0.000546403 0.00055276 0.000558054 0.000562231 0.000565246 0.000567067 0.000567677 0.000567067 0.000565246 0.000562231 0.000558054 0.00055276 0.000546403 0.000539051 0.00053078 0.000521678 0.000511842 0.000501375 0.000490389 0.000479 0.000467332 0.00045551 0.000443662 0.000431917 0.000420404 0.000409251 0.000398582 0.000388516 0.000379169 0.000370647 0.000363047 0.000356459 0.000350959 0.000346612 0.00034347 0
 -2.10893e-09 -2.10893e-09 -2.10893e-09 -2.10893e-09 -2.10893e-09 -2.10893e-09 -2.10893e-09 -2.10893e-09 -2.10893e-09 -2.10893e-09 -2.10893e-09 -2.10893e-09 -2.10893e-09 -2.10893e-09 -2.10893e-09 -2.10893e-09 -2.10893e-09 -2.10893e-09 -2.10893e-09 -2.10893e-09 -2.10893e-09 -2.10893e-09 -2.10893e-09 -2.10893e-09 -2.10893e-09 -2.10893e-09 -2.10893e-09 -2.10893e-09 -2.10893e-09 -2.10893e-09 -2.10893e-09 -2.10893e-09 -2.10893e-09 -2.10893e-09 -2.10893e-09 -2.10893e-09 -2.10893e-09 -2.10893e-09 -2.10893e-09 -2.10893e-09 -2.10893e-09 -2.10893e-09 -2.10893e-09 -2.10893e-09 -2.10893e-09 -2.10893e-09 -2.10893e-09 -2.10893e-09 -2.10893e-09 -2.10893e-09 -2.10893e-09 -2.10893e-09 -2.10893e-09 -2.10893e-09 -2.10893e-09 -2.10893e-09 -2.10893e-09 -2.10893e-09 -2.10893e-09 0
